structure d50
trjconv_1hsi_284.pdb 4.76725287771
trjconv_1hsi_221.pdb 4.34940225778
trjconv_1hsi_705.pdb 4.61984848236
trjconv_1hsi_532.pdb 4.91441756468
trjconv_1hsi_166.pdb 4.39670331044
trjconv_1hsi_956.pdb 5.42947511275
trjconv_1hsi_279.pdb 4.30779525976
trjconv_1hsi_598.pdb 4.74918940452
trjconv_1hsi_533.pdb 6.44510667096
trjconv_1hsi_713.pdb 4.72086856415
trjconv_1hsi_570.pdb 4.51336902989
trjconv_1hsi_218.pdb 4.43717252313
trjconv_1hsi_886.pdb 5.21434559653
trjconv_1hsi_716.pdb 4.94753473965
trjconv_1hsi_443.pdb 4.86194405562
trjconv_1hsi_222.pdb 5.14770822794
trjconv_1hsi_694.pdb 5.54109195015
trjconv_1hsi_170.pdb 6.5383254737
trjconv_1hsi_151.pdb 5.81447332095
trjconv_1hsi_691.pdb 4.98456617972
trjconv_1hsi_244.pdb 5.10471350812
trjconv_1hsi_344.pdb 5.21353047368
trjconv_1hsi_493.pdb 5.33776170319
trjconv_1hsi_803.pdb 5.16656559041
trjconv_1hsi_887.pdb 4.75903351533
trjconv_1hsi_805.pdb 5.21853427698
trjconv_1hsi_181.pdb 5.07035501716
trjconv_1hsi_336.pdb 4.35529562716
trjconv_1hsi_325.pdb 5.19816313711
trjconv_1hsi_577.pdb 6.07534361168
trjconv_1hsi_431.pdb 4.78709724154
trjconv_1hsi_725.pdb 5.08098415664
trjconv_1hsi_515.pdb 4.65302052435
trjconv_1hsi_479.pdb 4.80930348387
trjconv_1hsi_346.pdb 4.44928084077
trjconv_1hsi_161.pdb 4.79689482895
trjconv_1hsi_669.pdb 4.58557520928
trjconv_1hsi_904.pdb 4.50458655151
trjconv_1hsi_627.pdb 4.66230629624
trjconv_1hsi_421.pdb 4.44788713886
trjconv_1hsi_775.pdb 5.08610853207
trjconv_1hsi_814.pdb 6.12697315157
trjconv_1hsi_511.pdb 4.85101020407
trjconv_1hsi_355.pdb 5.05052472521
trjconv_1hsi_77.pdb 4.84696812451
trjconv_1hsi_963.pdb 5.07874984617
trjconv_1hsi_767.pdb 5.11
trjconv_1hsi_982.pdb 4.7714148845
trjconv_1hsi_685.pdb 5.22465309853
trjconv_1hsi_184.pdb 5.11697176072
trjconv_1hsi_432.pdb 5.11114468588
trjconv_1hsi_703.pdb 6.31850456991
trjconv_1hsi_204.pdb 4.93188604897
trjconv_1hsi_140.pdb 4.82035268419
trjconv_1hsi_769.pdb 5.0294930162
trjconv_1hsi_155.pdb 5.04936629687
trjconv_1hsi_829.pdb 4.86368173301
trjconv_1hsi_654.pdb 5.04587950708
trjconv_1hsi_114.pdb 5.27831412479
trjconv_1hsi_109.pdb 5.36470875258
trjconv_1hsi_34.pdb 4.52985650987
trjconv_1hsi_729.pdb 5.29280643893
trjconv_1hsi_86.pdb 5.13968870653
trjconv_1hsi_950.pdb 5.01478813112
trjconv_1hsi_134.pdb 4.7819870347
trjconv_1hsi_415.pdb 4.93694237357
trjconv_1hsi_176.pdb 6.62440185979
trjconv_1hsi_946.pdb 7.9760892673
trjconv_1hsi_227.pdb 4.828001657
trjconv_1hsi_139.pdb 4.54080389359
trjconv_1hsi_652.pdb 4.8192634292
trjconv_1hsi_882.pdb 4.95068682104
trjconv_1hsi_185.pdb 4.92988843687
trjconv_1hsi_988.pdb 4.69282430952
trjconv_1hsi_70.pdb 5.32000939849
trjconv_1hsi_920.pdb 4.21670487466
trjconv_1hsi_688.pdb 5.71765686274
trjconv_1hsi_968.pdb 4.78006276109
trjconv_1hsi_903.pdb 5.00695516257
trjconv_1hsi_546.pdb 4.34922981688
trjconv_1hsi_428.pdb 5.13070170639
trjconv_1hsi_845.pdb 4.13943232823
trjconv_1hsi_43.pdb 5.47790105789
trjconv_1hsi_899.pdb 4.83303217453
trjconv_1hsi_0.pdb 4.68877382692
trjconv_1hsi_517.pdb 4.18413670905
trjconv_1hsi_403.pdb 4.73828027875
trjconv_1hsi_730.pdb 4.61810567224
trjconv_1hsi_44.pdb 4.99020039678
trjconv_1hsi_632.pdb 4.98956911967
trjconv_1hsi_499.pdb 4.73583150038
trjconv_1hsi_853.pdb 5.31376514347
trjconv_1hsi_274.pdb 5.31491298141
trjconv_1hsi_682.pdb 4.48640167618
trjconv_1hsi_951.pdb 4.94506825029
trjconv_1hsi_955.pdb 5.13740206719
trjconv_1hsi_311.pdb 4.77612813898
trjconv_1hsi_72.pdb 5.54052344098
trjconv_1hsi_601.pdb 4.90828890755
trjconv_1hsi_772.pdb 4.59411580176
trjconv_1hsi_858.pdb 4.88280657
trjconv_1hsi_545.pdb 4.84677212173
trjconv_1hsi_497.pdb 4.28347989373
trjconv_1hsi_45.pdb 4.94556366858
trjconv_1hsi_699.pdb 4.93564585439
trjconv_1hsi_368.pdb 4.95795320672
trjconv_1hsi_864.pdb 5.81393154414
trjconv_1hsi_292.pdb 4.98166638787
trjconv_1hsi_471.pdb 4.77069177374
trjconv_1hsi_774.pdb 4.8273595267
trjconv_1hsi_17.pdb 4.83542138805
trjconv_1hsi_604.pdb 4.76841692808
trjconv_1hsi_606.pdb 5.60044641078
trjconv_1hsi_425.pdb 5.4154224212
trjconv_1hsi_48.pdb 4.90801385491
trjconv_1hsi_380.pdb 5.24375819427
trjconv_1hsi_262.pdb 5.66728329978
trjconv_1hsi_733.pdb 5.11285634455
trjconv_1hsi_105.pdb 5.10729869892
trjconv_1hsi_812.pdb 5.30522384071
trjconv_1hsi_758.pdb 4.66587612352
trjconv_1hsi_266.pdb 4.50089991002
trjconv_1hsi_272.pdb 5.32730701199
trjconv_1hsi_481.pdb 4.56964987718
trjconv_1hsi_339.pdb 5.05597666134
trjconv_1hsi_3.pdb 5.26219535935
trjconv_1hsi_289.pdb 4.73727769927
trjconv_1hsi_205.pdb 4.68194404067
trjconv_1hsi_539.pdb 4.9807328778
trjconv_1hsi_473.pdb 4.91236195735
trjconv_1hsi_40.pdb 4.87214531803
trjconv_1hsi_631.pdb 5.40989833546
trjconv_1hsi_424.pdb 4.99605844642
trjconv_1hsi_445.pdb 4.47830325012
trjconv_1hsi_359.pdb 4.580109169
trjconv_1hsi_564.pdb 4.92245873523
trjconv_1hsi_353.pdb 5.29226794484
trjconv_1hsi_371.pdb 4.59504080504
trjconv_1hsi_736.pdb 5.28133505849
trjconv_1hsi_827.pdb 4.70766396422
trjconv_1hsi_608.pdb 4.63885761799
trjconv_1hsi_915.pdb 5.11552538846
trjconv_1hsi_401.pdb 4.86260218402
trjconv_1hsi_811.pdb 6.2802706948
trjconv_1hsi_673.pdb 6.29225714668
trjconv_1hsi_960.pdb 4.71791267405
trjconv_1hsi_599.pdb 4.712260604
trjconv_1hsi_868.pdb 5.12285076886
trjconv_1hsi_258.pdb 4.59553043728
trjconv_1hsi_215.pdb 4.9619955663
trjconv_1hsi_9.pdb 4.46476203173
trjconv_1hsi_457.pdb 4.05246838359
trjconv_1hsi_80.pdb 4.7701362664
trjconv_1hsi_888.pdb 4.93345720565
trjconv_1hsi_508.pdb 4.96774596774
trjconv_1hsi_38.pdb 4.93405512738
trjconv_1hsi_407.pdb 4.93756012622
trjconv_1hsi_642.pdb 5.12258723693
trjconv_1hsi_836.pdb 5.16434894251
trjconv_1hsi_97.pdb 4.51579450374
trjconv_1hsi_966.pdb 4.35139058233
trjconv_1hsi_534.pdb 5.45191709401
trjconv_1hsi_889.pdb 4.99315531503
trjconv_1hsi_799.pdb 4.8171568378
trjconv_1hsi_433.pdb 5.38914650014
trjconv_1hsi_931.pdb 4.96005040297
trjconv_1hsi_365.pdb 5.16911017488
trjconv_1hsi_306.pdb 4.64436217365
trjconv_1hsi_225.pdb 8.68553970689
trjconv_1hsi_762.pdb 5.12419749815
trjconv_1hsi_880.pdb 4.44444597222
trjconv_1hsi_579.pdb 5.96958960063
trjconv_1hsi_905.pdb 4.92320017875
trjconv_1hsi_270.pdb 5.78670890922
trjconv_1hsi_35.pdb 4.33683064
trjconv_1hsi_697.pdb 4.65395530705
trjconv_1hsi_141.pdb 4.78778654495
trjconv_1hsi_116.pdb 4.64608437289
trjconv_1hsi_837.pdb 4.07240715057
trjconv_1hsi_999.pdb 4.50937911469
trjconv_1hsi_201.pdb 4.66412907197
trjconv_1hsi_846.pdb 4.55921045796
trjconv_1hsi_216.pdb 5.05820126132
trjconv_1hsi_906.pdb 4.79526850135
trjconv_1hsi_47.pdb 4.52698575213
trjconv_1hsi_1.pdb 4.02543165387
trjconv_1hsi_23.pdb 4.75330411398
trjconv_1hsi_620.pdb 6.21930060377
trjconv_1hsi_87.pdb 4.84170424541
trjconv_1hsi_524.pdb 5.21797853579
trjconv_1hsi_835.pdb 5.78019030829
trjconv_1hsi_62.pdb 4.72747289786
trjconv_1hsi_840.pdb 4.77318551913
trjconv_1hsi_367.pdb 4.74714651133
trjconv_1hsi_468.pdb 5.23211238411
trjconv_1hsi_752.pdb 4.74119183328
trjconv_1hsi_315.pdb 4.50134424367
trjconv_1hsi_217.pdb 5.46553748501
trjconv_1hsi_212.pdb 4.54872509611
trjconv_1hsi_237.pdb 5.50465257759
trjconv_1hsi_635.pdb 4.65543768082
trjconv_1hsi_790.pdb 5.2090402187
trjconv_1hsi_877.pdb 4.53574690652
trjconv_1hsi_747.pdb 4.67087786182
trjconv_1hsi_89.pdb 5.35284970833
trjconv_1hsi_360.pdb 4.52026547893
trjconv_1hsi_924.pdb 4.94138644512
trjconv_1hsi_111.pdb 4.6492472509
trjconv_1hsi_893.pdb 4.9551387468
trjconv_1hsi_255.pdb 4.70481668081
trjconv_1hsi_104.pdb 4.7731959943
trjconv_1hsi_561.pdb 5.08616751592
trjconv_1hsi_512.pdb 5.07264230949
trjconv_1hsi_177.pdb 7.65668335508
trjconv_1hsi_559.pdb 5.47617567286
trjconv_1hsi_79.pdb 5.57531165048
trjconv_1hsi_927.pdb 5.13577647489
trjconv_1hsi_611.pdb 5.28118357946
trjconv_1hsi_342.pdb 4.97784089742
trjconv_1hsi_883.pdb 6.46719413656
trjconv_1hsi_786.pdb 5.18220995329
trjconv_1hsi_666.pdb 4.58420112997
trjconv_1hsi_908.pdb 4.82016597225
trjconv_1hsi_393.pdb 5.06790883896
trjconv_1hsi_63.pdb 4.90812591526
trjconv_1hsi_88.pdb 5.1004607635
trjconv_1hsi_653.pdb 4.70120197396
trjconv_1hsi_280.pdb 5.37936799262
trjconv_1hsi_145.pdb 4.51404474945
trjconv_1hsi_188.pdb 5.20858906039
trjconv_1hsi_979.pdb 5.3105555265
trjconv_1hsi_437.pdb 5.35934697515
trjconv_1hsi_860.pdb 4.33952762406
trjconv_1hsi_856.pdb 5.09505642756
trjconv_1hsi_832.pdb 5.0841715156
trjconv_1hsi_182.pdb 5.23745167042
trjconv_1hsi_998.pdb 4.68313997228
trjconv_1hsi_936.pdb 4.56031797137
trjconv_1hsi_913.pdb 4.95177745865
trjconv_1hsi_477.pdb 5.01582495707
trjconv_1hsi_21.pdb 5.46008241696
trjconv_1hsi_748.pdb 5.16342909315
trjconv_1hsi_912.pdb 5.15675285427
trjconv_1hsi_71.pdb 4.94104240014
trjconv_1hsi_587.pdb 5.0178581088
trjconv_1hsi_597.pdb 5.99924161874
trjconv_1hsi_233.pdb 4.31932865154
trjconv_1hsi_478.pdb 4.80884601542
trjconv_1hsi_378.pdb 5.855211354
trjconv_1hsi_647.pdb 4.19206393081
trjconv_1hsi_106.pdb 4.92093487053
trjconv_1hsi_358.pdb 3.98539834897
trjconv_1hsi_535.pdb 4.96819886881
trjconv_1hsi_108.pdb 5.46041207236
trjconv_1hsi_617.pdb 4.68284101801
trjconv_1hsi_175.pdb 7.90405592085
trjconv_1hsi_253.pdb 4.96194518309
trjconv_1hsi_563.pdb 5.42797383929
trjconv_1hsi_964.pdb 4.55584240289
trjconv_1hsi_246.pdb 4.64823622463
trjconv_1hsi_633.pdb 4.31394251237
trjconv_1hsi_362.pdb 4.82972048881
trjconv_1hsi_551.pdb 5.73604393289
trjconv_1hsi_254.pdb 4.7840255016
trjconv_1hsi_583.pdb 5.29741446368
trjconv_1hsi_996.pdb 4.30262710446
trjconv_1hsi_879.pdb 5.66830662544
trjconv_1hsi_171.pdb 8.1933875778
trjconv_1hsi_193.pdb 4.66551176185
trjconv_1hsi_876.pdb 5.0482175072
trjconv_1hsi_678.pdb 4.68789931632
trjconv_1hsi_921.pdb 4.77537433088
trjconv_1hsi_302.pdb 4.71177249026
trjconv_1hsi_744.pdb 5.12003906235
trjconv_1hsi_506.pdb 4.9651686779
trjconv_1hsi_507.pdb 4.41403443575
trjconv_1hsi_610.pdb 4.98888765157
trjconv_1hsi_957.pdb 4.98650177981
trjconv_1hsi_994.pdb 4.83566955033
trjconv_1hsi_398.pdb 4.96173356802
trjconv_1hsi_271.pdb 5.38494196812
trjconv_1hsi_392.pdb 4.3661195586
trjconv_1hsi_764.pdb 5.32606796802
trjconv_1hsi_340.pdb 6.83232025011
trjconv_1hsi_387.pdb 5.14173122596
trjconv_1hsi_510.pdb 4.85799341292
trjconv_1hsi_389.pdb 4.66079392379
trjconv_1hsi_103.pdb 4.86861376574
trjconv_1hsi_529.pdb 5.39030611376
trjconv_1hsi_194.pdb 4.91127274747
trjconv_1hsi_242.pdb 5.08820204001
trjconv_1hsi_943.pdb 4.75161025338
trjconv_1hsi_975.pdb 4.8370445522
trjconv_1hsi_180.pdb 4.75383003482
trjconv_1hsi_100.pdb 5.00978043431
trjconv_1hsi_492.pdb 5.49531618745
trjconv_1hsi_656.pdb 5.35213975901
trjconv_1hsi_273.pdb 4.85140185926
trjconv_1hsi_824.pdb 4.41612952709
trjconv_1hsi_219.pdb 4.7715301529
trjconv_1hsi_348.pdb 4.98054213917
trjconv_1hsi_276.pdb 5.17360609247
trjconv_1hsi_580.pdb 5.07535220453
trjconv_1hsi_56.pdb 4.97857409305
trjconv_1hsi_25.pdb 5.06973372082
trjconv_1hsi_728.pdb 5.08060035823
trjconv_1hsi_250.pdb 4.76517575751
trjconv_1hsi_12.pdb 5.46606805666
trjconv_1hsi_651.pdb 5.19779761053
trjconv_1hsi_760.pdb 4.7586657794
trjconv_1hsi_724.pdb 5.08158439859
trjconv_1hsi_324.pdb 4.80452911324
trjconv_1hsi_552.pdb 4.90217298756
trjconv_1hsi_665.pdb 4.51629272745
trjconv_1hsi_95.pdb 5.052148058
trjconv_1hsi_977.pdb 4.43751056337
trjconv_1hsi_892.pdb 5.41891132978
trjconv_1hsi_910.pdb 5.19905760691
trjconv_1hsi_972.pdb 4.79658211647
trjconv_1hsi_657.pdb 5.41030498216
trjconv_1hsi_373.pdb 4.55309784652
trjconv_1hsi_707.pdb 4.88191560763
trjconv_1hsi_375.pdb 4.93159203503
trjconv_1hsi_164.pdb 5.59849979905
trjconv_1hsi_831.pdb 5.29286311933
trjconv_1hsi_494.pdb 4.93037523927
trjconv_1hsi_156.pdb 4.86719631821
trjconv_1hsi_491.pdb 5.89389514668
trjconv_1hsi_820.pdb 5.62064942867
trjconv_1hsi_578.pdb 4.91797722646
trjconv_1hsi_991.pdb 4.80131232061
trjconv_1hsi_112.pdb 5.12400234192
trjconv_1hsi_464.pdb 5.05891292671
trjconv_1hsi_441.pdb 5.36012126728
trjconv_1hsi_220.pdb 4.82203276638
trjconv_1hsi_683.pdb 4.73903998717
trjconv_1hsi_823.pdb 4.93370043679
trjconv_1hsi_962.pdb 4.8772943319
trjconv_1hsi_323.pdb 4.73482840238
trjconv_1hsi_476.pdb 5.82431970276
trjconv_1hsi_776.pdb 5.01204549062
trjconv_1hsi_680.pdb 4.63090703858
trjconv_1hsi_388.pdb 4.914285299
trjconv_1hsi_928.pdb 5.01642302841
trjconv_1hsi_900.pdb 5.12411943655
trjconv_1hsi_916.pdb 5.00444802151
trjconv_1hsi_390.pdb 5.09090365259
trjconv_1hsi_338.pdb 4.90653645661
trjconv_1hsi_822.pdb 4.72974629341
trjconv_1hsi_444.pdb 4.63618377548
trjconv_1hsi_16.pdb 4.79394409646
trjconv_1hsi_256.pdb 5.35710742845
trjconv_1hsi_818.pdb 5.02277811574
trjconv_1hsi_36.pdb 5.11402972224
trjconv_1hsi_120.pdb 5.77129101675
trjconv_1hsi_923.pdb 4.79147159023
trjconv_1hsi_852.pdb 4.92330173766
trjconv_1hsi_765.pdb 5.07957675402
trjconv_1hsi_922.pdb 5.62133436116
trjconv_1hsi_400.pdb 5.5079306459
trjconv_1hsi_259.pdb 5.02630082665
trjconv_1hsi_941.pdb 4.78126552285
trjconv_1hsi_911.pdb 5.38722563106
trjconv_1hsi_789.pdb 4.88984662336
trjconv_1hsi_615.pdb 5.1436757285
trjconv_1hsi_248.pdb 4.84855648621
trjconv_1hsi_295.pdb 5.52330516991
trjconv_1hsi_446.pdb 5.04330248944
trjconv_1hsi_773.pdb 5.2700853883
trjconv_1hsi_331.pdb 4.60413944185
trjconv_1hsi_414.pdb 5.2860098373
trjconv_1hsi_482.pdb 4.61866863934
trjconv_1hsi_416.pdb 5.67952462799
trjconv_1hsi_192.pdb 6.18970920157
trjconv_1hsi_439.pdb 4.8172191148
trjconv_1hsi_942.pdb 5.24939996571
trjconv_1hsi_396.pdb 4.67255818583
trjconv_1hsi_335.pdb 4.65748859365
trjconv_1hsi_124.pdb 4.15684976876
trjconv_1hsi_316.pdb 4.77420150392
trjconv_1hsi_802.pdb 4.75518664197
trjconv_1hsi_779.pdb 4.9002550954
trjconv_1hsi_500.pdb 4.7095965857
trjconv_1hsi_571.pdb 5.15881769401
trjconv_1hsi_558.pdb 5.29951884608
trjconv_1hsi_333.pdb 4.66040770749
trjconv_1hsi_157.pdb 4.65640419208
trjconv_1hsi_974.pdb 4.51075381727
trjconv_1hsi_538.pdb 5.46413762638
trjconv_1hsi_345.pdb 4.75601724135
trjconv_1hsi_644.pdb 4.60272745228
trjconv_1hsi_460.pdb 4.6410128205
trjconv_1hsi_462.pdb 4.7620478788
trjconv_1hsi_487.pdb 4.97242395618
trjconv_1hsi_869.pdb 4.68617114498
trjconv_1hsi_696.pdb 5.60879666239
trjconv_1hsi_196.pdb 4.82430305847
trjconv_1hsi_727.pdb 5.20208612001
trjconv_1hsi_381.pdb 4.65940983387
trjconv_1hsi_557.pdb 4.78995824616
trjconv_1hsi_997.pdb 5.30179214983
trjconv_1hsi_33.pdb 5.18524830649
trjconv_1hsi_750.pdb 5.52349527021
trjconv_1hsi_575.pdb 4.92959430379
trjconv_1hsi_450.pdb 4.82977225136
trjconv_1hsi_636.pdb 4.75330411398
trjconv_1hsi_788.pdb 4.88983639808
trjconv_1hsi_42.pdb 5.12903499696
trjconv_1hsi_695.pdb 4.91687909146
trjconv_1hsi_681.pdb 4.69925526014
trjconv_1hsi_454.pdb 4.88422972433
trjconv_1hsi_821.pdb 4.49823298641
trjconv_1hsi_243.pdb 4.78992693055
trjconv_1hsi_206.pdb 4.42747106145
trjconv_1hsi_32.pdb 5.43075501197
trjconv_1hsi_819.pdb 5.0200597606
trjconv_1hsi_127.pdb 5.08756326742
trjconv_1hsi_195.pdb 4.68011751989
trjconv_1hsi_57.pdb 4.81732290801
trjconv_1hsi_626.pdb 4.74731503063
trjconv_1hsi_377.pdb 4.99340565146
trjconv_1hsi_467.pdb 4.89708076307
trjconv_1hsi_984.pdb 4.84622533525
trjconv_1hsi_933.pdb 4.65709136694
trjconv_1hsi_99.pdb 4.91391900625
trjconv_1hsi_203.pdb 5.07244516974
trjconv_1hsi_334.pdb 4.88780114162
trjconv_1hsi_896.pdb 5.17304552464
trjconv_1hsi_548.pdb 5.39704548804
trjconv_1hsi_22.pdb 5.39437670171
trjconv_1hsi_667.pdb 4.62702928454
trjconv_1hsi_536.pdb 5.03770781209
trjconv_1hsi_573.pdb 4.99888987676
trjconv_1hsi_549.pdb 4.77633750901
trjconv_1hsi_329.pdb 5.395081093
trjconv_1hsi_138.pdb 5.32456570999
trjconv_1hsi_19.pdb 4.88001024589
trjconv_1hsi_249.pdb 4.31168180644
trjconv_1hsi_698.pdb 5.58801395847
trjconv_1hsi_470.pdb 5.00964070568
trjconv_1hsi_366.pdb 4.9911321361
trjconv_1hsi_522.pdb 5.52005434756
trjconv_1hsi_200.pdb 4.56705594448
trjconv_1hsi_737.pdb 5.03183863016
trjconv_1hsi_638.pdb 4.56974835193
trjconv_1hsi_857.pdb 5.09096258089
trjconv_1hsi_625.pdb 4.58700337911
trjconv_1hsi_884.pdb 5.11395150544
trjconv_1hsi_322.pdb 5.04266794465
trjconv_1hsi_397.pdb 5.20099990386
trjconv_1hsi_878.pdb 5.13043857774
trjconv_1hsi_919.pdb 6.10479319879
trjconv_1hsi_751.pdb 5.45716043378
trjconv_1hsi_281.pdb 4.69642417164
trjconv_1hsi_364.pdb 5.19850940174
trjconv_1hsi_838.pdb 5.16041664985
trjconv_1hsi_541.pdb 5.26289844097
trjconv_1hsi_18.pdb 5.13145203622
trjconv_1hsi_537.pdb 5.05625355377
trjconv_1hsi_308.pdb 4.6282718157
trjconv_1hsi_565.pdb 5.04986138424
trjconv_1hsi_566.pdb 6.81149763268
trjconv_1hsi_94.pdb 5.2984714777
trjconv_1hsi_420.pdb 5.21415381438
trjconv_1hsi_297.pdb 5.4465218259
trjconv_1hsi_298.pdb 4.95937496062
trjconv_1hsi_301.pdb 4.88488485023
trjconv_1hsi_650.pdb 5.6970255397
trjconv_1hsi_833.pdb 4.92797118498
trjconv_1hsi_815.pdb 5.90265194637
trjconv_1hsi_376.pdb 4.92781899018
trjconv_1hsi_791.pdb 4.39923857048
trjconv_1hsi_576.pdb 4.87017453486
trjconv_1hsi_641.pdb 4.63945039848
trjconv_1hsi_13.pdb 5.22933074112
trjconv_1hsi_24.pdb 4.74438615629
trjconv_1hsi_766.pdb 4.85528577944
trjconv_1hsi_637.pdb 5.53749040631
trjconv_1hsi_901.pdb 5.0948699689
trjconv_1hsi_447.pdb 4.90735162792
trjconv_1hsi_119.pdb 4.72383318926
trjconv_1hsi_521.pdb 5.27394539221
trjconv_1hsi_229.pdb 5.26936428803
trjconv_1hsi_257.pdb 5.49562553309
trjconv_1hsi_621.pdb 4.81303438591
trjconv_1hsi_313.pdb 4.84298461695
trjconv_1hsi_547.pdb 5.90572603496
trjconv_1hsi_987.pdb 4.75515509737
trjconv_1hsi_849.pdb 4.85156675724
trjconv_1hsi_163.pdb 5.63725110315
trjconv_1hsi_224.pdb 8.54508630735
trjconv_1hsi_761.pdb 5.62233047766
trjconv_1hsi_332.pdb 5.52454523015
trjconv_1hsi_794.pdb 4.61176755702
trjconv_1hsi_189.pdb 4.79391280688
trjconv_1hsi_90.pdb 4.87312015038
trjconv_1hsi_406.pdb 4.95874984245
trjconv_1hsi_26.pdb 4.94701930459
trjconv_1hsi_504.pdb 4.80768135383
trjconv_1hsi_930.pdb 4.62805574729
trjconv_1hsi_895.pdb 5.08149584276
trjconv_1hsi_850.pdb 4.33545845327
trjconv_1hsi_514.pdb 4.88418877604
trjconv_1hsi_85.pdb 4.96053424542
trjconv_1hsi_149.pdb 6.17268985127
trjconv_1hsi_318.pdb 5.01266396241
trjconv_1hsi_645.pdb 4.7500105263
trjconv_1hsi_430.pdb 5.45029357007
trjconv_1hsi_965.pdb 4.85429706549
trjconv_1hsi_168.pdb 4.44091206848
trjconv_1hsi_670.pdb 4.78027195879
trjconv_1hsi_208.pdb 5.06902357461
trjconv_1hsi_581.pdb 5.09227846843
trjconv_1hsi_520.pdb 5.06038536082
trjconv_1hsi_643.pdb 4.93896750344
trjconv_1hsi_251.pdb 5.48092145538
trjconv_1hsi_383.pdb 5.23020076097
trjconv_1hsi_84.pdb 5.13262116272
trjconv_1hsi_169.pdb 6.07701406943
trjconv_1hsi_619.pdb 6.5559362413
trjconv_1hsi_854.pdb 4.66230629624
trjconv_1hsi_148.pdb 5.59822293232
trjconv_1hsi_230.pdb 4.89850997753
trjconv_1hsi_58.pdb 4.55715920284
trjconv_1hsi_128.pdb 4.6532031978
trjconv_1hsi_593.pdb 5.35788204424
trjconv_1hsi_232.pdb 4.45170753756
trjconv_1hsi_354.pdb 5.11046964574
trjconv_1hsi_874.pdb 4.57782699542
trjconv_1hsi_159.pdb 5.51117954707
trjconv_1hsi_475.pdb 5.18101341438
trjconv_1hsi_426.pdb 4.87549997436
trjconv_1hsi_847.pdb 5.531699558
trjconv_1hsi_489.pdb 5.23298194149
trjconv_1hsi_268.pdb 4.81906629961
trjconv_1hsi_411.pdb 5.28246154742
trjconv_1hsi_741.pdb 4.93151092466
trjconv_1hsi_855.pdb 4.66554391256
trjconv_1hsi_64.pdb 5.36634885187
trjconv_1hsi_525.pdb 4.3749514283
trjconv_1hsi_983.pdb 4.52926042528
trjconv_1hsi_386.pdb 5.63950352425
trjconv_1hsi_607.pdb 5.15004854346
trjconv_1hsi_319.pdb 4.96347660416
trjconv_1hsi_75.pdb 4.86227313095
trjconv_1hsi_361.pdb 5.32264032225
trjconv_1hsi_934.pdb 4.66647618659
trjconv_1hsi_795.pdb 4.75539693401
trjconv_1hsi_231.pdb 4.56137040811
trjconv_1hsi_745.pdb 4.99168308289
trjconv_1hsi_740.pdb 4.60982646094
trjconv_1hsi_768.pdb 4.78520636964
trjconv_1hsi_753.pdb 5.04849482519
trjconv_1hsi_147.pdb 6.87640894654
trjconv_1hsi_5.pdb 4.98146564778
trjconv_1hsi_321.pdb 4.66651904528
trjconv_1hsi_574.pdb 5.42396533912
trjconv_1hsi_702.pdb 5.32429338035
trjconv_1hsi_11.pdb 5.47682389711
trjconv_1hsi_726.pdb 4.73896613197
trjconv_1hsi_572.pdb 5.73746459684
trjconv_1hsi_352.pdb 5.10366534953
trjconv_1hsi_759.pdb 4.61732606603
trjconv_1hsi_902.pdb 4.68370579776
trjconv_1hsi_710.pdb 4.61199522983
trjconv_1hsi_207.pdb 5.07809019219
trjconv_1hsi_68.pdb 5.11825165462
trjconv_1hsi_8.pdb 4.3062861029
trjconv_1hsi_828.pdb 5.42525575434
trjconv_1hsi_709.pdb 4.94397613263
trjconv_1hsi_662.pdb 4.41214233678
trjconv_1hsi_787.pdb 4.87772487949
trjconv_1hsi_655.pdb 5.07019723482
trjconv_1hsi_102.pdb 4.72010593101
trjconv_1hsi_909.pdb 5.38536906813
trjconv_1hsi_780.pdb 4.95085851141
trjconv_1hsi_630.pdb 4.6067884692
trjconv_1hsi_708.pdb 5.43048800754
trjconv_1hsi_404.pdb 4.69061829613
trjconv_1hsi_918.pdb 5.82018040957
trjconv_1hsi_20.pdb 5.43029465131
trjconv_1hsi_474.pdb 5.67557926559
trjconv_1hsi_756.pdb 5.24135478669
trjconv_1hsi_6.pdb 4.61320929506
trjconv_1hsi_422.pdb 4.68389794936
trjconv_1hsi_15.pdb 4.80529915822
trjconv_1hsi_689.pdb 4.71264257079
trjconv_1hsi_234.pdb 5.13385819828
trjconv_1hsi_519.pdb 4.60656053906
trjconv_1hsi_556.pdb 4.58681806921
trjconv_1hsi_412.pdb 5.16132734866
trjconv_1hsi_456.pdb 5.46741255074
trjconv_1hsi_369.pdb 4.77427481404
trjconv_1hsi_264.pdb 4.98590011934
trjconv_1hsi_50.pdb 4.93188604897
trjconv_1hsi_299.pdb 4.20659006798
trjconv_1hsi_123.pdb 4.4585423627
trjconv_1hsi_890.pdb 4.87220689216
trjconv_1hsi_245.pdb 4.92121936109
trjconv_1hsi_743.pdb 5.23565659684
trjconv_1hsi_82.pdb 5.1439867807
trjconv_1hsi_523.pdb 4.85726260357
trjconv_1hsi_117.pdb 4.50248820098
trjconv_1hsi_914.pdb 5.03044729622
trjconv_1hsi_466.pdb 5.26394338875
trjconv_1hsi_187.pdb 4.70711164091
trjconv_1hsi_498.pdb 5.36512814386
trjconv_1hsi_602.pdb 5.02804136817
trjconv_1hsi_663.pdb 5.03128214275
trjconv_1hsi_449.pdb 4.54060568647
trjconv_1hsi_701.pdb 5.59743691345
trjconv_1hsi_350.pdb 4.0357527179
trjconv_1hsi_944.pdb 5.10549703751
trjconv_1hsi_236.pdb 5.33256036065
trjconv_1hsi_582.pdb 4.74457585038
trjconv_1hsi_129.pdb 5.60844006833
trjconv_1hsi_438.pdb 4.42686119051
trjconv_1hsi_939.pdb 4.93359909194
trjconv_1hsi_408.pdb 5.96024328363
trjconv_1hsi_679.pdb 5.11361907068
trjconv_1hsi_247.pdb 4.80430015715
trjconv_1hsi_93.pdb 4.91367479591
trjconv_1hsi_807.pdb 5.35298981878
trjconv_1hsi_588.pdb 4.75510252255
trjconv_1hsi_714.pdb 5.1597868173
trjconv_1hsi_199.pdb 4.98046182598
trjconv_1hsi_53.pdb 5.11137946155
trjconv_1hsi_228.pdb 5.45
trjconv_1hsi_74.pdb 5.18837161352
trjconv_1hsi_970.pdb 4.69882964152
trjconv_1hsi_374.pdb 4.70670797904
trjconv_1hsi_629.pdb 4.77848302288
trjconv_1hsi_153.pdb 5.73893718383
trjconv_1hsi_986.pdb 4.77250458355
trjconv_1hsi_427.pdb 4.80529915822
trjconv_1hsi_648.pdb 5.06404976279
trjconv_1hsi_926.pdb 5.00609628353
trjconv_1hsi_402.pdb 5.14494897934
trjconv_1hsi_531.pdb 5.59387164672
trjconv_1hsi_797.pdb 4.91838388091
trjconv_1hsi_873.pdb 5.447403051
trjconv_1hsi_265.pdb 4.81765503124
trjconv_1hsi_813.pdb 5.38830214446
trjconv_1hsi_560.pdb 5.20497838612
trjconv_1hsi_137.pdb 5.06476060639
trjconv_1hsi_881.pdb 6.23089881157
trjconv_1hsi_590.pdb 4.64053876182
trjconv_1hsi_158.pdb 4.48607846565
trjconv_1hsi_978.pdb 5.19033717595
trjconv_1hsi_989.pdb 4.72840353608
trjconv_1hsi_973.pdb 5.03177900946
trjconv_1hsi_562.pdb 4.77457851543
trjconv_1hsi_530.pdb 4.84022726739
trjconv_1hsi_294.pdb 5.04573086876
trjconv_1hsi_722.pdb 4.96471550041
trjconv_1hsi_14.pdb 5.27258001362
trjconv_1hsi_283.pdb 5.81079168444
trjconv_1hsi_568.pdb 5.10040194495
trjconv_1hsi_961.pdb 5.04864338214
trjconv_1hsi_640.pdb 5.63866118862
trjconv_1hsi_483.pdb 4.75656388583
trjconv_1hsi_126.pdb 5.37483953249
trjconv_1hsi_848.pdb 4.78741057358
trjconv_1hsi_92.pdb 4.59970651238
trjconv_1hsi_488.pdb 4.69068225315
trjconv_1hsi_442.pdb 5.40693073749
trjconv_1hsi_252.pdb 4.56706689244
trjconv_1hsi_746.pdb 4.8751410236
trjconv_1hsi_226.pdb 5.1482618426
trjconv_1hsi_214.pdb 4.88145470121
trjconv_1hsi_110.pdb 4.73647548289
trjconv_1hsi_125.pdb 4.58366665455
trjconv_1hsi_719.pdb 4.84417175583
trjconv_1hsi_554.pdb 4.96803784205
trjconv_1hsi_993.pdb 5.31950185638
trjconv_1hsi_67.pdb 4.82076757374
trjconv_1hsi_980.pdb 4.58377573622
trjconv_1hsi_738.pdb 5.10224460409
trjconv_1hsi_150.pdb 6.31241633608
trjconv_1hsi_131.pdb 5.16038758234
trjconv_1hsi_305.pdb 4.9010815133
trjconv_1hsi_971.pdb 4.97583158879
trjconv_1hsi_480.pdb 5.30209392599
trjconv_1hsi_235.pdb 4.93965585846
trjconv_1hsi_2.pdb 4.87444355799
trjconv_1hsi_505.pdb 4.54195992937
trjconv_1hsi_469.pdb 5.44834837359
trjconv_1hsi_28.pdb 5.17468839642
trjconv_1hsi_239.pdb 4.42648845023
trjconv_1hsi_66.pdb 4.97939755392
trjconv_1hsi_870.pdb 4.62696444767
trjconv_1hsi_191.pdb 5.37230862851
trjconv_1hsi_459.pdb 4.80244729279
trjconv_1hsi_461.pdb 4.84633882431
trjconv_1hsi_749.pdb 4.84059913647
trjconv_1hsi_513.pdb 4.62927640134
trjconv_1hsi_712.pdb 5.43898887662
trjconv_1hsi_932.pdb 5.11963865912
trjconv_1hsi_872.pdb 4.71310937705
trjconv_1hsi_817.pdb 5.69036026979
trjconv_1hsi_897.pdb 5.48268182553
trjconv_1hsi_816.pdb 5.43893371903
trjconv_1hsi_781.pdb 5.58099453503
trjconv_1hsi_458.pdb 5.31567493363
trjconv_1hsi_542.pdb 5.36917125821
trjconv_1hsi_677.pdb 5.24552189968
trjconv_1hsi_263.pdb 5.1958541165
trjconv_1hsi_115.pdb 5.15964146041
trjconv_1hsi_356.pdb 5.25253272241
trjconv_1hsi_674.pdb 4.35079303116
trjconv_1hsi_584.pdb 4.52081850996
trjconv_1hsi_101.pdb 4.68728066154
trjconv_1hsi_472.pdb 4.86909642542
trjconv_1hsi_634.pdb 4.46417965588
trjconv_1hsi_616.pdb 4.59809743263
trjconv_1hsi_121.pdb 5.30256541685
trjconv_1hsi_806.pdb 4.96351689833
trjconv_1hsi_967.pdb 4.39799954525
trjconv_1hsi_1000.pdb 5.12166964964
trjconv_1hsi_309.pdb 5.32070484053
trjconv_1hsi_41.pdb 5.12859629918
trjconv_1hsi_929.pdb 5.09641050152
trjconv_1hsi_801.pdb 4.84756639975
trjconv_1hsi_754.pdb 5.28308621925
trjconv_1hsi_622.pdb 4.70761085902
trjconv_1hsi_591.pdb 4.8410019624
trjconv_1hsi_343.pdb 5.44335374562
trjconv_1hsi_668.pdb 5.10848314082
trjconv_1hsi_810.pdb 4.44572828679
trjconv_1hsi_357.pdb 4.91716381667
trjconv_1hsi_290.pdb 4.73760488011
trjconv_1hsi_898.pdb 4.93238279131
trjconv_1hsi_423.pdb 4.58603314423
trjconv_1hsi_792.pdb 4.91199552117
trjconv_1hsi_526.pdb 4.96149171117
trjconv_1hsi_501.pdb 4.54588825204
trjconv_1hsi_484.pdb 5.48354812143
trjconv_1hsi_485.pdb 5.02396257948
trjconv_1hsi_122.pdb 5.03079516578
trjconv_1hsi_133.pdb 4.55601799821
trjconv_1hsi_976.pdb 4.85399835187
trjconv_1hsi_842.pdb 5.33741510471
trjconv_1hsi_798.pdb 4.77535339006
trjconv_1hsi_291.pdb 4.9029174988
trjconv_1hsi_782.pdb 4.93901812104
trjconv_1hsi_394.pdb 4.76893069776
trjconv_1hsi_658.pdb 4.91919708896
trjconv_1hsi_628.pdb 4.81507009295
trjconv_1hsi_453.pdb 5.25350359284
trjconv_1hsi_624.pdb 5.70639991588
trjconv_1hsi_300.pdb 4.92919871784
trjconv_1hsi_429.pdb 5.67966548311
trjconv_1hsi_320.pdb 5.30451694313
trjconv_1hsi_676.pdb 4.56852273717
trjconv_1hsi_435.pdb 4.52912795138
trjconv_1hsi_603.pdb 4.57322643218
trjconv_1hsi_592.pdb 4.72624586749
trjconv_1hsi_132.pdb 5.20031729801
trjconv_1hsi_78.pdb 4.95972781511
trjconv_1hsi_198.pdb 4.55904595283
trjconv_1hsi_875.pdb 4.89173793247
trjconv_1hsi_51.pdb 5.33746194366
trjconv_1hsi_721.pdb 5.1858461219
trjconv_1hsi_174.pdb 8.04232553432
trjconv_1hsi_60.pdb 4.42543783145
trjconv_1hsi_363.pdb 5.08661970271
trjconv_1hsi_945.pdb 5.08710133573
trjconv_1hsi_839.pdb 4.91988821011
trjconv_1hsi_312.pdb 4.96075599077
trjconv_1hsi_866.pdb 5.58722650337
trjconv_1hsi_527.pdb 5.18168891386
trjconv_1hsi_555.pdb 4.3532631439
trjconv_1hsi_341.pdb 5.5103175952
trjconv_1hsi_808.pdb 5.13124741169
trjconv_1hsi_385.pdb 4.73208199422
trjconv_1hsi_382.pdb 4.69323981914
trjconv_1hsi_528.pdb 5.09248465879
trjconv_1hsi_949.pdb 5.21464284491
trjconv_1hsi_267.pdb 4.64936554812
trjconv_1hsi_277.pdb 4.85473995184
trjconv_1hsi_734.pdb 4.80642278623
trjconv_1hsi_851.pdb 4.59719479683
trjconv_1hsi_143.pdb 5.66124544601
trjconv_1hsi_379.pdb 4.64869874266
trjconv_1hsi_436.pdb 4.40928565643
trjconv_1hsi_451.pdb 4.97740896451
trjconv_1hsi_490.pdb 4.8542558647
trjconv_1hsi_841.pdb 5.00116986314
trjconv_1hsi_463.pdb 4.6631427171
trjconv_1hsi_995.pdb 4.96843033563
trjconv_1hsi_69.pdb 4.62402422139
trjconv_1hsi_52.pdb 4.49384022858
trjconv_1hsi_384.pdb 4.82072608639
trjconv_1hsi_613.pdb 4.90756558795
trjconv_1hsi_83.pdb 4.90788141666
trjconv_1hsi_711.pdb 5.19556541678
trjconv_1hsi_448.pdb 4.53188702419
trjconv_1hsi_409.pdb 4.55329550985
trjconv_1hsi_863.pdb 5.04013888698
trjconv_1hsi_861.pdb 4.73861794197
trjconv_1hsi_173.pdb 5.9564502852
trjconv_1hsi_770.pdb 4.84410982534
trjconv_1hsi_981.pdb 4.77953972679
trjconv_1hsi_417.pdb 5.2251889918
trjconv_1hsi_940.pdb 4.12331177575
trjconv_1hsi_286.pdb 4.76305574185
trjconv_1hsi_135.pdb 4.9968990384
trjconv_1hsi_418.pdb 5.07813942306
trjconv_1hsi_30.pdb 4.88051226819
trjconv_1hsi_91.pdb 4.9008570679
trjconv_1hsi_953.pdb 5.03343818875
trjconv_1hsi_639.pdb 5.19273531003
trjconv_1hsi_172.pdb 8.38948746945
trjconv_1hsi_455.pdb 5.36979515438
trjconv_1hsi_278.pdb 5.45961537107
trjconv_1hsi_55.pdb 5.1033910295
trjconv_1hsi_399.pdb 5.43873146975
trjconv_1hsi_76.pdb 5.05832976386
trjconv_1hsi_609.pdb 5.56842886279
trjconv_1hsi_303.pdb 5.27593593593
trjconv_1hsi_885.pdb 4.92240794734
trjconv_1hsi_186.pdb 4.90340697883
trjconv_1hsi_594.pdb 4.97414314229
trjconv_1hsi_260.pdb 5.69450612433
trjconv_1hsi_410.pdb 5.33886692099
trjconv_1hsi_720.pdb 4.9546241028
trjconv_1hsi_646.pdb 5.18218100803
trjconv_1hsi_777.pdb 4.75105251497
trjconv_1hsi_586.pdb 4.99913992603
trjconv_1hsi_600.pdb 4.83263903059
trjconv_1hsi_867.pdb 5.07966534331
trjconv_1hsi_179.pdb 6.11182460481
trjconv_1hsi_136.pdb 4.85359660458
trjconv_1hsi_310.pdb 4.6222505341
trjconv_1hsi_178.pdb 6.63261637666
trjconv_1hsi_287.pdb 5.26798823081
trjconv_1hsi_452.pdb 5.85320425066
trjconv_1hsi_660.pdb 5.57277309784
trjconv_1hsi_81.pdb 5.21590835809
trjconv_1hsi_29.pdb 5.45039448114
trjconv_1hsi_844.pdb 5.04624612955
trjconv_1hsi_183.pdb 4.8254015377
trjconv_1hsi_739.pdb 5.57345494285
trjconv_1hsi_118.pdb 5.16609136582
trjconv_1hsi_113.pdb 5.02217084536
trjconv_1hsi_706.pdb 4.43637239194
trjconv_1hsi_985.pdb 6.60763951801
trjconv_1hsi_567.pdb 4.91786539059
trjconv_1hsi_49.pdb 4.60481269977
trjconv_1hsi_664.pdb 4.78306387162
trjconv_1hsi_692.pdb 5.58743232621
trjconv_1hsi_152.pdb 6.65447969416
trjconv_1hsi_917.pdb 5.32347630783
trjconv_1hsi_871.pdb 4.67017130307
trjconv_1hsi_731.pdb 5.08995088385
trjconv_1hsi_304.pdb 5.6178376623
trjconv_1hsi_61.pdb 4.9643730722
trjconv_1hsi_891.pdb 4.24333595182
trjconv_1hsi_596.pdb 4.8099168392
trjconv_1hsi_784.pdb 4.77146727957
trjconv_1hsi_317.pdb 5.28962191466
trjconv_1hsi_337.pdb 4.8971624437
trjconv_1hsi_757.pdb 5.33490393541
trjconv_1hsi_405.pdb 4.91346110191
trjconv_1hsi_865.pdb 4.96645749
trjconv_1hsi_73.pdb 4.65946348843
trjconv_1hsi_165.pdb 5.00345880367
trjconv_1hsi_59.pdb 5.34207824727
trjconv_1hsi_288.pdb 4.61788912816
trjconv_1hsi_755.pdb 4.79941663122
trjconv_1hsi_130.pdb 5.11443056459
trjconv_1hsi_723.pdb 5.42166026232
trjconv_1hsi_715.pdb 5.29450658702
trjconv_1hsi_612.pdb 4.54136543344
trjconv_1hsi_7.pdb 5.34117964498
trjconv_1hsi_825.pdb 5.41216222965
trjconv_1hsi_862.pdb 5.28337960022
trjconv_1hsi_314.pdb 4.9826599322
trjconv_1hsi_54.pdb 5.45055043092
trjconv_1hsi_690.pdb 4.72966172152
trjconv_1hsi_275.pdb 5.15461928759
trjconv_1hsi_269.pdb 4.97299708425
trjconv_1hsi_293.pdb 6.00456493012
trjconv_1hsi_154.pdb 6.34034699366
trjconv_1hsi_778.pdb 4.98832637264
trjconv_1hsi_465.pdb 4.679230706
trjconv_1hsi_370.pdb 4.6856589718
trjconv_1hsi_4.pdb 4.74615633961
trjconv_1hsi_830.pdb 5.0580332146
trjconv_1hsi_516.pdb 4.72751520357
trjconv_1hsi_589.pdb 5.60390042738
trjconv_1hsi_144.pdb 4.94435031121
trjconv_1hsi_540.pdb 5.19123299419
trjconv_1hsi_440.pdb 4.08970659094
trjconv_1hsi_328.pdb 4.72437297427
trjconv_1hsi_202.pdb 5.6736408064
trjconv_1hsi_671.pdb 4.58700337911
trjconv_1hsi_937.pdb 5.13734367159
trjconv_1hsi_649.pdb 4.83738565756
trjconv_1hsi_544.pdb 4.54532727095
trjconv_1hsi_693.pdb 5.19377512028
trjconv_1hsi_261.pdb 6.12946979763
trjconv_1hsi_282.pdb 4.76787164257
trjconv_1hsi_285.pdb 5.37182464345
trjconv_1hsi_167.pdb 5.24703725925
trjconv_1hsi_717.pdb 5.09452647456
trjconv_1hsi_687.pdb 4.09734060093
trjconv_1hsi_503.pdb 5.00164972784
trjconv_1hsi_496.pdb 4.5002555483
trjconv_1hsi_197.pdb 4.67835441154
trjconv_1hsi_326.pdb 4.86079211652
trjconv_1hsi_96.pdb 5.18556650714
trjconv_1hsi_210.pdb 5.15323199555
trjconv_1hsi_413.pdb 5.38666872937
trjconv_1hsi_793.pdb 5.29718793323
trjconv_1hsi_307.pdb 5.08331584696
trjconv_1hsi_27.pdb 5.21072931556
trjconv_1hsi_162.pdb 5.1172844361
trjconv_1hsi_190.pdb 4.89575326176
trjconv_1hsi_684.pdb 5.08580377128
trjconv_1hsi_209.pdb 4.96569229816
trjconv_1hsi_142.pdb 5.07693805359
trjconv_1hsi_395.pdb 5.08588242098
trjconv_1hsi_39.pdb 4.75092622548
trjconv_1hsi_623.pdb 4.91366462022
trjconv_1hsi_948.pdb 5.85953923103
trjconv_1hsi_518.pdb 4.98250940792
trjconv_1hsi_826.pdb 5.1568498136
trjconv_1hsi_238.pdb 4.91587225221
trjconv_1hsi_992.pdb 4.77078609875
trjconv_1hsi_763.pdb 4.94001012145
trjconv_1hsi_213.pdb 4.3846778673
trjconv_1hsi_947.pdb 6.87108433946
trjconv_1hsi_742.pdb 4.71463678346
trjconv_1hsi_804.pdb 5.08796619486
trjconv_1hsi_952.pdb 4.94225656962
trjconv_1hsi_675.pdb 4.94468401417
trjconv_1hsi_959.pdb 5.14297579228
trjconv_1hsi_672.pdb 4.71334276284
trjconv_1hsi_732.pdb 5.24573159817
trjconv_1hsi_785.pdb 5.01512711703
trjconv_1hsi_595.pdb 4.7359265197
trjconv_1hsi_502.pdb 5.31373691483
trjconv_1hsi_809.pdb 5.59325486635
trjconv_1hsi_550.pdb 6.00983360835
trjconv_1hsi_10.pdb 5.293288203
trjconv_1hsi_486.pdb 5.5480717371
trjconv_1hsi_98.pdb 4.15332397003
trjconv_1hsi_223.pdb 5.01432946664
trjconv_1hsi_327.pdb 5.28739066081
trjconv_1hsi_211.pdb 4.38479189928
trjconv_1hsi_700.pdb 4.92680423804
trjconv_1hsi_958.pdb 4.26704816003
trjconv_1hsi_434.pdb 5.34685889098
trjconv_1hsi_735.pdb 4.86413404421
trjconv_1hsi_65.pdb 5.04955443579
trjconv_1hsi_296.pdb 4.72719790151
trjconv_1hsi_796.pdb 4.87718156316
trjconv_1hsi_659.pdb 5.34738253728
trjconv_1hsi_859.pdb 5.17376072118
trjconv_1hsi_605.pdb 4.77915264456
trjconv_1hsi_330.pdb 4.86339387671
trjconv_1hsi_704.pdb 5.10881590978
trjconv_1hsi_543.pdb 5.30703306943
trjconv_1hsi_969.pdb 4.94652403209
trjconv_1hsi_240.pdb 4.55365787033
trjconv_1hsi_935.pdb 4.65695179275
trjconv_1hsi_146.pdb 5.08160407745
trjconv_1hsi_419.pdb 5.64102827506
trjconv_1hsi_925.pdb 5.83539201768
trjconv_1hsi_569.pdb 4.81129920084
trjconv_1hsi_800.pdb 4.90099989798
trjconv_1hsi_241.pdb 4.89552857207
trjconv_1hsi_843.pdb 5.25290395876
trjconv_1hsi_783.pdb 4.9902905727
trjconv_1hsi_553.pdb 5.47118817077
trjconv_1hsi_37.pdb 4.63286088718
trjconv_1hsi_718.pdb 5.23084123254
trjconv_1hsi_661.pdb 4.44499718785
trjconv_1hsi_160.pdb 4.87763262249
trjconv_1hsi_509.pdb 4.57542347767
trjconv_1hsi_391.pdb 5.36624636035
trjconv_1hsi_46.pdb 5.40193483856
trjconv_1hsi_894.pdb 5.44257292096
trjconv_1hsi_771.pdb 4.77126817523
trjconv_1hsi_585.pdb 4.58927009447
trjconv_1hsi_349.pdb 4.57083143421
trjconv_1hsi_347.pdb 4.81499740395
trjconv_1hsi_938.pdb 5.31572196414
trjconv_1hsi_31.pdb 5.14121580951
trjconv_1hsi_107.pdb 7.99348484705
trjconv_1hsi_686.pdb 5.13219251393
trjconv_1hsi_954.pdb 5.09949997549
trjconv_1hsi_990.pdb 4.911425455
trjconv_1hsi_834.pdb 5.36457826861
trjconv_1hsi_351.pdb 6.08715040064
trjconv_1hsi_495.pdb 5.2012498498
trjconv_1hsi_907.pdb 5.20650554595
trjconv_1hsi_614.pdb 5.56832111143
trjconv_1hsi_372.pdb 4.63178151471
trjconv_1hsi_618.pdb 4.79891654439
trjconv_3ebz_376.pdb 6.41178602263
trjconv_3ebz_499.pdb 8.32908758508
trjconv_3ebz_279.pdb 7.96949810214
trjconv_3ebz_252.pdb 5.92047295408
trjconv_3ebz_531.pdb 6.09716327484
trjconv_3ebz_474.pdb 7.41266483796
trjconv_3ebz_909.pdb 8.11775831126
trjconv_3ebz_509.pdb 5.5293489671
trjconv_3ebz_920.pdb 7.87665538157
trjconv_3ebz_411.pdb 6.27134754259
trjconv_3ebz_168.pdb 6.52153356198
trjconv_3ebz_696.pdb 8.83016421138
trjconv_3ebz_229.pdb 6.01216267245
trjconv_3ebz_640.pdb 7.41126844744
trjconv_3ebz_546.pdb 5.84658874901
trjconv_3ebz_328.pdb 8.04416558755
trjconv_3ebz_940.pdb 6.14984552652
trjconv_3ebz_238.pdb 5.85347759883
trjconv_3ebz_583.pdb 7.62209944831
trjconv_3ebz_329.pdb 8.09862951369
trjconv_3ebz_77.pdb 7.93897978332
trjconv_3ebz_957.pdb 7.98275015267
trjconv_3ebz_751.pdb 7.57470791516
trjconv_3ebz_21.pdb 7.87447141083
trjconv_3ebz_58.pdb 7.76713589427
trjconv_3ebz_874.pdb 7.18725260444
trjconv_3ebz_95.pdb 8.02845564228
trjconv_3ebz_219.pdb 7.44127005289
trjconv_3ebz_881.pdb 8.09230498684
trjconv_3ebz_275.pdb 7.59092221011
trjconv_3ebz_171.pdb 8.18557878222
trjconv_3ebz_554.pdb 7.85623955847
trjconv_3ebz_665.pdb 8.59173439999
trjconv_3ebz_135.pdb 6.85767453296
trjconv_3ebz_217.pdb 7.26880320273
trjconv_3ebz_968.pdb 7.35486913548
trjconv_3ebz_161.pdb 6.02272363636
trjconv_3ebz_681.pdb 7.58240726946
trjconv_3ebz_775.pdb 8.4205759898
trjconv_3ebz_156.pdb 7.70553048141
trjconv_3ebz_684.pdb 8.17168893192
trjconv_3ebz_726.pdb 7.68495933626
trjconv_3ebz_91.pdb 7.34376606381
trjconv_3ebz_917.pdb 7.92462617415
trjconv_3ebz_413.pdb 5.70328852505
trjconv_3ebz_55.pdb 8.20054266497
trjconv_3ebz_667.pdb 8.01664518362
trjconv_3ebz_444.pdb 8.33039014693
trjconv_3ebz_107.pdb 8.10670093195
trjconv_3ebz_722.pdb 7.81658493205
trjconv_3ebz_457.pdb 8.24197791795
trjconv_3ebz_289.pdb 7.58825408114
trjconv_3ebz_925.pdb 8.16530464833
trjconv_3ebz_129.pdb 7.383048151
trjconv_3ebz_170.pdb 5.84840149101
trjconv_3ebz_995.pdb 7.86069335364
trjconv_3ebz_513.pdb 5.67918127902
trjconv_3ebz_692.pdb 7.27349297106
trjconv_3ebz_6.pdb 6.06165818898
trjconv_3ebz_637.pdb 7.58014511734
trjconv_3ebz_959.pdb 7.90924775184
trjconv_3ebz_539.pdb 7.12689273106
trjconv_3ebz_703.pdb 7.88196041604
trjconv_3ebz_768.pdb 5.73954702045
trjconv_3ebz_523.pdb 5.78807394562
trjconv_3ebz_533.pdb 7.71843248335
trjconv_3ebz_839.pdb 6.64194248695
trjconv_3ebz_530.pdb 6.39588148733
trjconv_3ebz_99.pdb 7.69252234316
trjconv_3ebz_126.pdb 7.88916345375
trjconv_3ebz_184.pdb 8.13760407
trjconv_3ebz_646.pdb 6.70630300538
trjconv_3ebz_487.pdb 7.15508909798
trjconv_3ebz_535.pdb 8.7695723955
trjconv_3ebz_606.pdb 8.36795673985
trjconv_3ebz_721.pdb 7.41760743097
trjconv_3ebz_194.pdb 6.24887989963
trjconv_3ebz_205.pdb 5.91277430653
trjconv_3ebz_305.pdb 7.99353488765
trjconv_3ebz_854.pdb 6.81915683938
trjconv_3ebz_989.pdb 8.30490216679
trjconv_3ebz_378.pdb 6.81525494754
trjconv_3ebz_988.pdb 7.64160323492
trjconv_3ebz_74.pdb 7.42782606151
trjconv_3ebz_568.pdb 7.65995430796
trjconv_3ebz_198.pdb 6.14018729356
trjconv_3ebz_466.pdb 7.50995339533
trjconv_3ebz_47.pdb 8.27502265858
trjconv_3ebz_943.pdb 6.00104157626
trjconv_3ebz_801.pdb 7.97684148018
trjconv_3ebz_953.pdb 7.43200511302
trjconv_3ebz_949.pdb 6.17664957724
trjconv_3ebz_542.pdb 7.95991205982
trjconv_3ebz_324.pdb 8.27913038912
trjconv_3ebz_849.pdb 8.3559021057
trjconv_3ebz_96.pdb 7.77859241766
trjconv_3ebz_519.pdb 5.7065663932
trjconv_3ebz_719.pdb 8.36023923103
trjconv_3ebz_320.pdb 8.56016939085
trjconv_3ebz_937.pdb 9.16365101911
trjconv_3ebz_647.pdb 5.93772683777
trjconv_3ebz_338.pdb 7.55124493047
trjconv_3ebz_796.pdb 6.03663813724
trjconv_3ebz_575.pdb 7.76981981773
trjconv_3ebz_488.pdb 5.8789624935
trjconv_3ebz_592.pdb 7.86034986499
trjconv_3ebz_711.pdb 6.86037899828
trjconv_3ebz_610.pdb 8.14504143636
trjconv_3ebz_257.pdb 5.8546562666
trjconv_3ebz_399.pdb 9.51220268918
trjconv_3ebz_330.pdb 8.35147891095
trjconv_3ebz_902.pdb 7.24547444961
trjconv_3ebz_382.pdb 7.74117562131
trjconv_3ebz_615.pdb 7.41993261425
trjconv_3ebz_744.pdb 7.12186071192
trjconv_3ebz_852.pdb 7.04151262159
trjconv_3ebz_106.pdb 7.96176487972
trjconv_3ebz_200.pdb 5.81702673193
trjconv_3ebz_98.pdb 6.23623283722
trjconv_3ebz_755.pdb 8.10904433334
trjconv_3ebz_414.pdb 6.00051664442
trjconv_3ebz_656.pdb 7.66373277196
trjconv_3ebz_950.pdb 7.60385428582
trjconv_3ebz_196.pdb 6.28270642319
trjconv_3ebz_491.pdb 8.87475633468
trjconv_3ebz_37.pdb 7.9609170326
trjconv_3ebz_71.pdb 7.87817872354
trjconv_3ebz_810.pdb 7.40887980737
trjconv_3ebz_662.pdb 7.07453885423
trjconv_3ebz_573.pdb 7.83735924913
trjconv_3ebz_864.pdb 6.84530496034
trjconv_3ebz_890.pdb 7.86387944974
trjconv_3ebz_81.pdb 6.13695364167
trjconv_3ebz_868.pdb 7.62701776581
trjconv_3ebz_926.pdb 8.20186564143
trjconv_3ebz_145.pdb 7.85408174136
trjconv_3ebz_731.pdb 6.1324546472
trjconv_3ebz_517.pdb 6.03245389539
trjconv_3ebz_521.pdb 5.7404268134
trjconv_3ebz_470.pdb 7.58246661714
trjconv_3ebz_984.pdb 7.15596254881
trjconv_3ebz_476.pdb 5.64536978417
trjconv_3ebz_844.pdb 7.23532307503
trjconv_3ebz_924.pdb 7.33876011326
trjconv_3ebz_627.pdb 7.63799057344
trjconv_3ebz_785.pdb 6.03056382107
trjconv_3ebz_596.pdb 7.7121332976
trjconv_3ebz_220.pdb 7.53051127082
trjconv_3ebz_342.pdb 7.71145252206
trjconv_3ebz_158.pdb 6.55428867231
trjconv_3ebz_733.pdb 8.25986682701
trjconv_3ebz_840.pdb 7.69374421202
trjconv_3ebz_650.pdb 7.20691334761
trjconv_3ebz_215.pdb 7.14425643437
trjconv_3ebz_94.pdb 7.86904060226
trjconv_3ebz_600.pdb 7.32817849128
trjconv_3ebz_207.pdb 5.79183045332
trjconv_3ebz_472.pdb 7.50555127889
trjconv_3ebz_663.pdb 7.92811452995
trjconv_3ebz_352.pdb 7.290713271
trjconv_3ebz_283.pdb 7.81494721671
trjconv_3ebz_332.pdb 8.12116986647
trjconv_3ebz_516.pdb 6.08928567239
trjconv_3ebz_60.pdb 8.39703519107
trjconv_3ebz_515.pdb 5.92997470484
trjconv_3ebz_631.pdb 8.42555636145
trjconv_3ebz_831.pdb 7.99691815639
trjconv_3ebz_41.pdb 7.06894617323
trjconv_3ebz_887.pdb 8.76440528502
trjconv_3ebz_31.pdb 7.68815322428
trjconv_3ebz_339.pdb 8.1897619013
trjconv_3ebz_795.pdb 5.90691967103
trjconv_3ebz_793.pdb 6.17716763574
trjconv_3ebz_946.pdb 6.71720179837
trjconv_3ebz_702.pdb 7.62863028335
trjconv_3ebz_341.pdb 8.3553755152
trjconv_3ebz_323.pdb 8.27856267718
trjconv_3ebz_758.pdb 8.24738746513
trjconv_3ebz_164.pdb 5.58713701282
trjconv_3ebz_73.pdb 7.0138577117
trjconv_3ebz_202.pdb 5.81367353745
trjconv_3ebz_907.pdb 8.63266471027
trjconv_3ebz_882.pdb 7.44136412226
trjconv_3ebz_148.pdb 6.10497338242
trjconv_3ebz_274.pdb 6.55852117478
trjconv_3ebz_664.pdb 7.85056048954
trjconv_3ebz_253.pdb 5.83606031497
trjconv_3ebz_210.pdb 7.59627540312
trjconv_3ebz_469.pdb 8.05918109984
trjconv_3ebz_552.pdb 8.15149679507
trjconv_3ebz_999.pdb 8.31591847002
trjconv_3ebz_584.pdb 7.66243433903
trjconv_3ebz_288.pdb 7.28118122285
trjconv_3ebz_562.pdb 6.09303700957
trjconv_3ebz_467.pdb 7.67526546772
trjconv_3ebz_918.pdb 8.21012789182
trjconv_3ebz_80.pdb 7.58106852627
trjconv_3ebz_93.pdb 8.0551412154
trjconv_3ebz_481.pdb 7.08698807675
trjconv_3ebz_331.pdb 8.57747631882
trjconv_3ebz_807.pdb 8.39862488744
trjconv_3ebz_417.pdb 6.09118215127
trjconv_3ebz_293.pdb 7.79644149596
trjconv_3ebz_132.pdb 7.82542650595
trjconv_3ebz_891.pdb 7.63804294306
trjconv_3ebz_441.pdb 8.15721153336
trjconv_3ebz_599.pdb 8.11523259063
trjconv_3ebz_834.pdb 7.04895736971
trjconv_3ebz_964.pdb 6.97757837649
trjconv_3ebz_468.pdb 7.34000681199
trjconv_3ebz_683.pdb 7.93433677127
trjconv_3ebz_973.pdb 7.52455314288
trjconv_3ebz_825.pdb 7.33044336995
trjconv_3ebz_578.pdb 8.11847276278
trjconv_3ebz_396.pdb 8.27595915891
trjconv_3ebz_873.pdb 7.09026092609
trjconv_3ebz_514.pdb 6.45636120427
trjconv_3ebz_236.pdb 8.21210082744
trjconv_3ebz_724.pdb 7.3657654049
trjconv_3ebz_654.pdb 7.90754070492
trjconv_3ebz_290.pdb 8.89870777136
trjconv_3ebz_952.pdb 6.24971999373
trjconv_3ebz_360.pdb 7.99704945589
trjconv_3ebz_482.pdb 7.81005761823
trjconv_3ebz_970.pdb 7.84052294174
trjconv_3ebz_169.pdb 6.15431555902
trjconv_3ebz_687.pdb 8.09397924386
trjconv_3ebz_354.pdb 7.93943322914
trjconv_3ebz_574.pdb 7.55228442261
trjconv_3ebz_827.pdb 8.90117407986
trjconv_3ebz_804.pdb 7.44025537196
trjconv_3ebz_657.pdb 8.06011166176
trjconv_3ebz_193.pdb 6.4172657729
trjconv_3ebz_442.pdb 8.29477546411
trjconv_3ebz_398.pdb 8.30235508756
trjconv_3ebz_586.pdb 6.87316520971
trjconv_3ebz_284.pdb 7.60965833661
trjconv_3ebz_379.pdb 7.47723879517
trjconv_3ebz_848.pdb 8.14343293704
trjconv_3ebz_492.pdb 7.52232012081
trjconv_3ebz_739.pdb 7.99708696964
trjconv_3ebz_208.pdb 5.65958479042
trjconv_3ebz_720.pdb 8.56680220386
trjconv_3ebz_8.pdb 6.43498251746
trjconv_3ebz_741.pdb 8.62954228218
trjconv_3ebz_245.pdb 8.11228081368
trjconv_3ebz_233.pdb 7.89262947312
trjconv_3ebz_183.pdb 6.26949758753
trjconv_3ebz_676.pdb 8.32373714145
trjconv_3ebz_309.pdb 9.28211182867
trjconv_3ebz_613.pdb 7.75616528963
trjconv_3ebz_203.pdb 6.131606641
trjconv_3ebz_369.pdb 8.02721620489
trjconv_3ebz_942.pdb 8.11316830837
trjconv_3ebz_593.pdb 8.19845717193
trjconv_3ebz_232.pdb 7.24276190414
trjconv_3ebz_255.pdb 5.68764450366
trjconv_3ebz_645.pdb 6.599257534
trjconv_3ebz_850.pdb 8.80022726979
trjconv_3ebz_266.pdb 5.96011744851
trjconv_3ebz_780.pdb 7.6374406708
trjconv_3ebz_1.pdb 5.89583751472
trjconv_3ebz_605.pdb 7.42775874676
trjconv_3ebz_876.pdb 7.2892866592
trjconv_3ebz_393.pdb 6.16054380717
trjconv_3ebz_555.pdb 7.63433035701
trjconv_3ebz_962.pdb 7.4597989249
trjconv_3ebz_415.pdb 6.15048778553
trjconv_3ebz_570.pdb 8.6439863489
trjconv_3ebz_33.pdb 8.37026881289
trjconv_3ebz_761.pdb 8.25039392999
trjconv_3ebz_632.pdb 8.33199255881
trjconv_3ebz_365.pdb 7.69640175667
trjconv_3ebz_915.pdb 7.86243600928
trjconv_3ebz_53.pdb 7.94761599475
trjconv_3ebz_723.pdb 8.4326271114
trjconv_3ebz_709.pdb 6.1850303152
trjconv_3ebz_362.pdb 7.87020330106
trjconv_3ebz_484.pdb 7.67634027385
trjconv_3ebz_390.pdb 7.38922188055
trjconv_3ebz_128.pdb 8.45504583075
trjconv_3ebz_718.pdb 7.83138557345
trjconv_3ebz_86.pdb 8.52110321496
trjconv_3ebz_179.pdb 6.26506185125
trjconv_3ebz_57.pdb 8.02082290043
trjconv_3ebz_672.pdb 7.53650449479
trjconv_3ebz_982.pdb 8.19693845286
trjconv_3ebz_13.pdb 6.02133706082
trjconv_3ebz_149.pdb 7.72954073668
trjconv_3ebz_478.pdb 6.03849318953
trjconv_3ebz_119.pdb 7.74228002594
trjconv_3ebz_223.pdb 5.95474600634
trjconv_3ebz_231.pdb 7.5654279456
trjconv_3ebz_931.pdb 8.03353595872
trjconv_3ebz_240.pdb 6.31260643475
trjconv_3ebz_503.pdb 6.87424177637
trjconv_3ebz_451.pdb 7.66481571859
trjconv_3ebz_258.pdb 5.82887639258
trjconv_3ebz_713.pdb 7.46667931547
trjconv_3ebz_83.pdb 6.89165437323
trjconv_3ebz_11.pdb 6.18936184109
trjconv_3ebz_462.pdb 8.08646399856
trjconv_3ebz_475.pdb 7.75051611185
trjconv_3ebz_558.pdb 6.15252793574
trjconv_3ebz_189.pdb 8.86348125738
trjconv_3ebz_322.pdb 8.31681429395
trjconv_3ebz_678.pdb 7.20726022841
trjconv_3ebz_355.pdb 7.08768650548
trjconv_3ebz_20.pdb 7.59918416674
trjconv_3ebz_817.pdb 8.55998831775
trjconv_3ebz_250.pdb 7.82951467206
trjconv_3ebz_300.pdb 7.69673307319
trjconv_3ebz_296.pdb 8.40139274168
trjconv_3ebz_206.pdb 6.033746763
trjconv_3ebz_895.pdb 8.21029841114
trjconv_3ebz_997.pdb 6.50355287516
trjconv_3ebz_774.pdb 7.7774224522
trjconv_3ebz_544.pdb 8.83208922056
trjconv_3ebz_389.pdb 7.31147727891
trjconv_3ebz_923.pdb 6.10855956834
trjconv_3ebz_798.pdb 6.21953374458
trjconv_3ebz_860.pdb 7.36039401119
trjconv_3ebz_571.pdb 7.39516734091
trjconv_3ebz_281.pdb 8.25302974671
trjconv_3ebz_110.pdb 7.80314680113
trjconv_3ebz_981.pdb 7.86213711404
trjconv_3ebz_900.pdb 7.3740423107
trjconv_3ebz_221.pdb 7.40954789444
trjconv_3ebz_318.pdb 7.89608130657
trjconv_3ebz_117.pdb 7.18944365024
trjconv_3ebz_903.pdb 8.09044498158
trjconv_3ebz_779.pdb 8.37589995165
trjconv_3ebz_880.pdb 7.50321264526
trjconv_3ebz_762.pdb 7.94222261083
trjconv_3ebz_619.pdb 7.95772580578
trjconv_3ebz_625.pdb 8.06792414441
trjconv_3ebz_116.pdb 7.60435401596
trjconv_3ebz_551.pdb 7.79112315395
trjconv_3ebz_579.pdb 8.09469579416
trjconv_3ebz_292.pdb 5.94698242809
trjconv_3ebz_134.pdb 7.22391860419
trjconv_3ebz_633.pdb 8.15841283584
trjconv_3ebz_437.pdb 8.01993765562
trjconv_3ebz_896.pdb 8.03998134326
trjconv_3ebz_698.pdb 8.3084655623
trjconv_3ebz_424.pdb 5.5284084509
trjconv_3ebz_450.pdb 7.09654845682
trjconv_3ebz_313.pdb 8.20237160826
trjconv_3ebz_697.pdb 7.72340598441
trjconv_3ebz_333.pdb 8.79734619076
trjconv_3ebz_612.pdb 8.26649865421
trjconv_3ebz_589.pdb 7.38420611847
trjconv_3ebz_227.pdb 6.1250142857
trjconv_3ebz_727.pdb 8.08780563565
trjconv_3ebz_788.pdb 6.656770989
trjconv_3ebz_811.pdb 7.28734519561
trjconv_3ebz_670.pdb 8.05888950166
trjconv_3ebz_297.pdb 7.14992307651
trjconv_3ebz_743.pdb 7.9013036899
trjconv_3ebz_235.pdb 7.72881620949
trjconv_3ebz_938.pdb 8.37934364971
trjconv_3ebz_680.pdb 7.8823156496
trjconv_3ebz_806.pdb 8.5338912578
trjconv_3ebz_150.pdb 7.70522549962
trjconv_3ebz_976.pdb 7.98449121735
trjconv_3ebz_237.pdb 5.89080639641
trjconv_3ebz_465.pdb 7.21412503357
trjconv_3ebz_753.pdb 8.2654098507
trjconv_3ebz_549.pdb 7.27033699357
trjconv_3ebz_786.pdb 5.98658500315
trjconv_3ebz_534.pdb 8.71842875752
trjconv_3ebz_403.pdb 7.95445158386
trjconv_3ebz_43.pdb 6.72566725314
trjconv_3ebz_885.pdb 7.20045137474
trjconv_3ebz_144.pdb 8.00621008967
trjconv_3ebz_749.pdb 7.96570775261
trjconv_3ebz_78.pdb 6.95473220189
trjconv_3ebz_587.pdb 6.04100157259
trjconv_3ebz_928.pdb 8.62457535187
trjconv_3ebz_975.pdb 7.76016752396
trjconv_3ebz_340.pdb 7.30121907629
trjconv_3ebz_734.pdb 7.52049200518
trjconv_3ebz_693.pdb 7.87309977074
trjconv_3ebz_967.pdb 7.77277942566
trjconv_3ebz_268.pdb 8.11094322505
trjconv_3ebz_260.pdb 6.19494955589
trjconv_3ebz_9.pdb 6.093291393
trjconv_3ebz_336.pdb 8.02483021627
trjconv_3ebz_439.pdb 8.15442824483
trjconv_3ebz_187.pdb 6.13554398566
trjconv_3ebz_526.pdb 5.93920028287
trjconv_3ebz_244.pdb 6.76326104775
trjconv_3ebz_142.pdb 7.19517894149
trjconv_3ebz_836.pdb 7.95103766813
trjconv_3ebz_456.pdb 7.78696988565
trjconv_3ebz_750.pdb 7.83399004339
trjconv_3ebz_642.pdb 7.26660856246
trjconv_3ebz_607.pdb 7.3499523808
trjconv_3ebz_432.pdb 6.2339153026
trjconv_3ebz_520.pdb 5.6664803891
trjconv_3ebz_335.pdb 8.13462353155
trjconv_3ebz_608.pdb 8.29115191032
trjconv_3ebz_348.pdb 7.39257059486
trjconv_3ebz_380.pdb 6.92925681441
trjconv_3ebz_195.pdb 6.60751844492
trjconv_3ebz_934.pdb 6.62584334255
trjconv_3ebz_373.pdb 7.42299804661
trjconv_3ebz_463.pdb 7.36573825221
trjconv_3ebz_494.pdb 8.25473197627
trjconv_3ebz_802.pdb 8.22995747255
trjconv_3ebz_377.pdb 7.73895341761
trjconv_3ebz_372.pdb 7.23970993894
trjconv_3ebz_602.pdb 7.38296011096
trjconv_3ebz_866.pdb 7.79222047943
trjconv_3ebz_429.pdb 6.2778977373
trjconv_3ebz_609.pdb 7.66368710217
trjconv_3ebz_508.pdb 5.66294093206
trjconv_3ebz_315.pdb 7.24829635156
trjconv_3ebz_385.pdb 6.3162409707
trjconv_3ebz_192.pdb 5.74773868578
trjconv_3ebz_103.pdb 7.90395470635
trjconv_3ebz_278.pdb 7.51037948442
trjconv_3ebz_500.pdb 7.76441240533
trjconv_3ebz_588.pdb 5.8025942474
trjconv_3ebz_400.pdb 10.4788596708
trjconv_3ebz_969.pdb 7.37564234491
trjconv_3ebz_271.pdb 7.74594732747
trjconv_3ebz_209.pdb 7.17252396301
trjconv_3ebz_818.pdb 5.7838914236
trjconv_3ebz_82.pdb 7.28061123808
trjconv_3ebz_927.pdb 8.30063852966
trjconv_3ebz_626.pdb 8.17328575299
trjconv_3ebz_922.pdb 7.52477242181
trjconv_3ebz_832.pdb 7.05695401714
trjconv_3ebz_853.pdb 7.97023211707
trjconv_3ebz_483.pdb 7.81927746023
trjconv_3ebz_712.pdb 8.12321364978
trjconv_3ebz_486.pdb 9.01414998766
trjconv_3ebz_371.pdb 6.29077896607
trjconv_3ebz_781.pdb 8.26116214585
trjconv_3ebz_298.pdb 7.09661186765
trjconv_3ebz_945.pdb 6.49120944047
trjconv_3ebz_213.pdb 5.96876871725
trjconv_3ebz_694.pdb 8.62988991819
trjconv_3ebz_630.pdb 7.78247389973
trjconv_3ebz_276.pdb 8.07980816604
trjconv_3ebz_285.pdb 7.74273207595
trjconv_3ebz_272.pdb 8.07527708503
trjconv_3ebz_966.pdb 8.04667011875
trjconv_3ebz_597.pdb 8.43228913167
trjconv_3ebz_455.pdb 9.89437213774
trjconv_3ebz_752.pdb 8.14747813744
trjconv_3ebz_52.pdb 8.1220071411
trjconv_3ebz_401.pdb 8.96866210758
trjconv_3ebz_833.pdb 8.12981549606
trjconv_3ebz_249.pdb 7.79530628006
trjconv_3ebz_269.pdb 7.61922568244
trjconv_3ebz_449.pdb 6.64840582396
trjconv_3ebz_960.pdb 7.42532154186
trjconv_3ebz_181.pdb 5.94599865456
trjconv_3ebz_490.pdb 7.79419014395
trjconv_3ebz_124.pdb 6.03451737921
trjconv_3ebz_178.pdb 7.51581665556
trjconv_3ebz_35.pdb 7.79292627965
trjconv_3ebz_188.pdb 5.92723375615
trjconv_3ebz_407.pdb 8.51686562064
trjconv_3ebz_644.pdb 6.5947706556
trjconv_3ebz_879.pdb 7.55714893329
trjconv_3ebz_130.pdb 7.86818276351
trjconv_3ebz_1000.pdb 7.48872485808
trjconv_3ebz_673.pdb 7.46563460129
trjconv_3ebz_402.pdb 8.05373205415
trjconv_3ebz_5.pdb 7.51710050485
trjconv_3ebz_897.pdb 8.0655377998
trjconv_3ebz_972.pdb 8.0971167708
trjconv_3ebz_963.pdb 7.09403270362
trjconv_3ebz_159.pdb 8.37431191203
trjconv_3ebz_756.pdb 7.66481571859
trjconv_3ebz_431.pdb 5.93762578814
trjconv_3ebz_754.pdb 8.55876743463
trjconv_3ebz_114.pdb 7.70850179996
trjconv_3ebz_387.pdb 6.09499794914
trjconv_3ebz_764.pdb 7.68152328643
trjconv_3ebz_862.pdb 7.51075894967
trjconv_3ebz_550.pdb 7.94341865949
trjconv_3ebz_394.pdb 6.93451512364
trjconv_3ebz_50.pdb 7.17843994194
trjconv_3ebz_845.pdb 8.0486085754
trjconv_3ebz_682.pdb 8.45210624637
trjconv_3ebz_337.pdb 7.7976534932
trjconv_3ebz_760.pdb 7.62656541308
trjconv_3ebz_906.pdb 8.39312218426
trjconv_3ebz_4.pdb 6.11741775588
trjconv_3ebz_689.pdb 8.08946228126
trjconv_3ebz_822.pdb 6.05066938446
trjconv_3ebz_641.pdb 8.06874215724
trjconv_3ebz_167.pdb 7.74051677861
trjconv_3ebz_714.pdb 7.60067102301
trjconv_3ebz_416.pdb 5.82760671288
trjconv_3ebz_815.pdb 7.5147654654
trjconv_3ebz_412.pdb 6.18194144262
trjconv_3ebz_22.pdb 7.66862438772
trjconv_3ebz_859.pdb 8.49506327228
trjconv_3ebz_826.pdb 8.15972426005
trjconv_3ebz_65.pdb 7.65424718702
trjconv_3ebz_863.pdb 7.35365215386
trjconv_3ebz_176.pdb 7.95402413876
trjconv_3ebz_736.pdb 6.65695125414
trjconv_3ebz_771.pdb 7.93485979712
trjconv_3ebz_878.pdb 8.01495477217
trjconv_3ebz_564.pdb 6.59354987848
trjconv_3ebz_251.pdb 7.71915798517
trjconv_3ebz_419.pdb 7.95284854628
trjconv_3ebz_436.pdb 6.76678653424
trjconv_3ebz_653.pdb 7.28374903467
trjconv_3ebz_913.pdb 7.82376507827
trjconv_3ebz_930.pdb 7.41096484946
trjconv_3ebz_375.pdb 7.66931548445
trjconv_3ebz_485.pdb 8.28042269452
trjconv_3ebz_577.pdb 8.91385999441
trjconv_3ebz_118.pdb 6.20714104882
trjconv_3ebz_705.pdb 7.6631390435
trjconv_3ebz_767.pdb 8.05370101258
trjconv_3ebz_691.pdb 8.28759313673
trjconv_3ebz_565.pdb 5.92826281469
trjconv_3ebz_109.pdb 8.31635136343
trjconv_3ebz_152.pdb 6.8650200291
trjconv_3ebz_294.pdb 7.63751923075
trjconv_3ebz_563.pdb 7.28978051796
trjconv_3ebz_299.pdb 7.71239262486
trjconv_3ebz_447.pdb 7.48204517495
trjconv_3ebz_616.pdb 8.25259959043
trjconv_3ebz_307.pdb 7.75090962404
trjconv_3ebz_661.pdb 7.69757104547
trjconv_3ebz_998.pdb 8.06231356374
trjconv_3ebz_426.pdb 6.83709733732
trjconv_3ebz_435.pdb 5.99443908969
trjconv_3ebz_182.pdb 8.0163333264
trjconv_3ebz_154.pdb 7.23854957847
trjconv_3ebz_228.pdb 5.43571522433
trjconv_3ebz_2.pdb 7.78481213646
trjconv_3ebz_638.pdb 7.30573747133
trjconv_3ebz_3.pdb 7.45920237023
trjconv_3ebz_79.pdb 7.55963623463
trjconv_3ebz_904.pdb 8.03293844119
trjconv_3ebz_594.pdb 8.21696415959
trjconv_3ebz_344.pdb 8.03037359031
trjconv_3ebz_256.pdb 5.67483920477
trjconv_3ebz_325.pdb 8.58941208698
trjconv_3ebz_39.pdb 7.62832222707
trjconv_3ebz_38.pdb 6.63026394648
trjconv_3ebz_386.pdb 8.14606653545
trjconv_3ebz_580.pdb 7.52091084909
trjconv_3ebz_46.pdb 7.91993686844
trjconv_3ebz_566.pdb 6.13554398566
trjconv_3ebz_511.pdb 5.74363996086
trjconv_3ebz_51.pdb 7.3844837328
trjconv_3ebz_837.pdb 7.14374551618
trjconv_3ebz_961.pdb 7.75283174073
trjconv_3ebz_367.pdb 5.61300276145
trjconv_3ebz_120.pdb 7.86308463645
trjconv_3ebz_543.pdb 8.35805599407
trjconv_3ebz_690.pdb 7.41796468042
trjconv_3ebz_64.pdb 7.18961055969
trjconv_3ebz_461.pdb 8.39431355145
trjconv_3ebz_211.pdb 5.49061927291
trjconv_3ebz_139.pdb 7.24279642127
trjconv_3ebz_100.pdb 7.2764620524
trjconv_3ebz_660.pdb 7.51122493339
trjconv_3ebz_634.pdb 7.86021628201
trjconv_3ebz_123.pdb 7.62844020754
trjconv_3ebz_629.pdb 7.82187317719
trjconv_3ebz_459.pdb 8.88321450827
trjconv_3ebz_32.pdb 7.80152549185
trjconv_3ebz_898.pdb 7.7597229332
trjconv_3ebz_742.pdb 8.74899422791
trjconv_3ebz_102.pdb 7.39993243212
trjconv_3ebz_585.pdb 7.74228002594
trjconv_3ebz_729.pdb 8.71562390194
trjconv_3ebz_604.pdb 7.74623134176
trjconv_3ebz_40.pdb 7.11137820679
trjconv_3ebz_420.pdb 7.50611084384
trjconv_3ebz_262.pdb 5.7956190351
trjconv_3ebz_847.pdb 8.28773189721
trjconv_3ebz_728.pdb 8.28575283242
trjconv_3ebz_242.pdb 5.86011092045
trjconv_3ebz_921.pdb 8.00932581432
trjconv_3ebz_935.pdb 7.79606952252
trjconv_3ebz_621.pdb 8.31789636867
trjconv_3ebz_26.pdb 7.66416335943
trjconv_3ebz_856.pdb 10.0907928331
trjconv_3ebz_346.pdb 8.08911614455
trjconv_3ebz_735.pdb 7.26352531489
trjconv_3ebz_423.pdb 8.01901490209
trjconv_3ebz_643.pdb 6.65439704256
trjconv_3ebz_370.pdb 5.95490554081
trjconv_3ebz_561.pdb 6.24879188324
trjconv_3ebz_458.pdb 9.28216569557
trjconv_3ebz_820.pdb 7.54992715197
trjconv_3ebz_502.pdb 8.03995646754
trjconv_3ebz_287.pdb 6.26291465693
trjconv_3ebz_264.pdb 7.92148975888
trjconv_3ebz_197.pdb 5.60940282027
trjconv_3ebz_173.pdb 7.62916115966
trjconv_3ebz_383.pdb 7.65156846666
trjconv_3ebz_259.pdb 6.49229543382
trjconv_3ebz_410.pdb 6.51584223259
trjconv_3ebz_180.pdb 6.0050811818
trjconv_3ebz_454.pdb 9.11899117227
trjconv_3ebz_829.pdb 8.11778910788
trjconv_3ebz_248.pdb 8.00565425184
trjconv_3ebz_17.pdb 7.85094898722
trjconv_3ebz_303.pdb 8.1004752947
trjconv_3ebz_165.pdb 6.21731453282
trjconv_3ebz_710.pdb 8.20717369135
trjconv_3ebz_669.pdb 7.66533104308
trjconv_3ebz_547.pdb 7.77311391914
trjconv_3ebz_971.pdb 8.27923909547
trjconv_3ebz_708.pdb 6.38355700217
trjconv_3ebz_910.pdb 7.80685596127
trjconv_3ebz_44.pdb 7.69378970339
trjconv_3ebz_406.pdb 9.87016717184
trjconv_3ebz_224.pdb 5.89910162652
trjconv_3ebz_314.pdb 7.60456441882
trjconv_3ebz_814.pdb 8.20283487582
trjconv_3ebz_353.pdb 7.79146969448
trjconv_3ebz_623.pdb 8.2808332914
trjconv_3ebz_162.pdb 5.87626582108
trjconv_3ebz_889.pdb 7.90714866434
trjconv_3ebz_136.pdb 8.32606749913
trjconv_3ebz_725.pdb 8.04963353203
trjconv_3ebz_908.pdb 7.78689925452
trjconv_3ebz_865.pdb 6.9409941651
trjconv_3ebz_247.pdb 7.48086893349
trjconv_3ebz_302.pdb 8.19627354351
trjconv_3ebz_280.pdb 8.18853466745
trjconv_3ebz_784.pdb 6.88597124595
trjconv_3ebz_936.pdb 8.55736524872
trjconv_3ebz_532.pdb 8.00411769029
trjconv_3ebz_321.pdb 7.62882690851
trjconv_3ebz_877.pdb 7.82817347789
trjconv_3ebz_422.pdb 7.11168756344
trjconv_3ebz_905.pdb 7.47744608807
trjconv_3ebz_777.pdb 6.14111553384
trjconv_3ebz_541.pdb 8.00564800625
trjconv_3ebz_204.pdb 5.53998194943
trjconv_3ebz_639.pdb 7.95459615568
trjconv_3ebz_595.pdb 8.28989746619
trjconv_3ebz_489.pdb 8.20971984906
trjconv_3ebz_186.pdb 6.39816379909
trjconv_3ebz_374.pdb 7.87372846878
trjconv_3ebz_872.pdb 6.00608857744
trjconv_3ebz_273.pdb 8.10027777301
trjconv_3ebz_875.pdb 7.62669653258
trjconv_3ebz_174.pdb 7.72912672946
trjconv_3ebz_199.pdb 5.75312089218
trjconv_3ebz_830.pdb 7.55172165801
trjconv_3ebz_622.pdb 8.51339532736
trjconv_3ebz_146.pdb 6.42466341531
trjconv_3ebz_440.pdb 8.44877505914
trjconv_3ebz_990.pdb 7.05243929432
trjconv_3ebz_30.pdb 8.2208332911
trjconv_3ebz_101.pdb 8.29328041248
trjconv_3ebz_624.pdb 8.59210102361
trjconv_3ebz_794.pdb 5.94378667181
trjconv_3ebz_363.pdb 7.9251246047
trjconv_3ebz_715.pdb 6.52725822992
trjconv_3ebz_89.pdb 6.62001510572
trjconv_3ebz_25.pdb 7.18538795056
trjconv_3ebz_717.pdb 8.09555433556
trjconv_3ebz_16.pdb 8.00095619286
trjconv_3ebz_979.pdb 8.15074843189
trjconv_3ebz_70.pdb 8.22005474434
trjconv_3ebz_418.pdb 5.82640540986
trjconv_3ebz_404.pdb 9.72439201184
trjconv_3ebz_590.pdb 7.85491565836
trjconv_3ebz_701.pdb 8.16045341878
trjconv_3ebz_153.pdb 8.82513455988
trjconv_3ebz_263.pdb 6.2185046434
trjconv_3ebz_452.pdb 8.46529385196
trjconv_3ebz_778.pdb 5.93387731589
trjconv_3ebz_59.pdb 8.38233261091
trjconv_3ebz_108.pdb 7.92170436207
trjconv_3ebz_857.pdb 8.15598553211
trjconv_3ebz_141.pdb 7.88655184475
trjconv_3ebz_480.pdb 6.24495796623
trjconv_3ebz_867.pdb 7.22726781018
trjconv_3ebz_855.pdb 6.0408112038
trjconv_3ebz_190.pdb 6.18535366814
trjconv_3ebz_304.pdb 7.95614228128
trjconv_3ebz_308.pdb 8.41572337948
trjconv_3ebz_871.pdb 7.04470013556
trjconv_3ebz_434.pdb 7.15020279433
trjconv_3ebz_800.pdb 7.42699804766
trjconv_3ebz_648.pdb 8.02238119264
trjconv_3ebz_138.pdb 7.31699391827
trjconv_3ebz_843.pdb 7.59117909155
trjconv_3ebz_327.pdb 8.40462372745
trjconv_3ebz_471.pdb 7.67031941969
trjconv_3ebz_956.pdb 6.65688365528
trjconv_3ebz_345.pdb 7.93970402471
trjconv_3ebz_518.pdb 5.64567976421
trjconv_3ebz_737.pdb 7.17246122332
trjconv_3ebz_67.pdb 6.04838821505
trjconv_3ebz_177.pdb 5.93954543715
trjconv_3ebz_617.pdb 8.02996886669
trjconv_3ebz_277.pdb 8.68477978995
trjconv_3ebz_62.pdb 7.85471196162
trjconv_3ebz_899.pdb 7.56550725332
trjconv_3ebz_443.pdb 7.81793450983
trjconv_3ebz_497.pdb 8.75598081314
trjconv_3ebz_317.pdb 7.89380769971
trjconv_3ebz_808.pdb 8.29093480857
trjconv_3ebz_90.pdb 8.17661910572
trjconv_3ebz_28.pdb 7.88255034871
trjconv_3ebz_947.pdb 8.406360687
trjconv_3ebz_635.pdb 7.63576453278
trjconv_3ebz_738.pdb 6.02415969244
trjconv_3ebz_576.pdb 8.66802168894
trjconv_3ebz_234.pdb 8.05360167875
trjconv_3ebz_525.pdb 7.99191466421
trjconv_3ebz_699.pdb 7.83133449675
trjconv_3ebz_347.pdb 7.88421841402
trjconv_3ebz_464.pdb 8.27788016342
trjconv_3ebz_601.pdb 7.9420652226
trjconv_3ebz_212.pdb 5.04347102698
trjconv_3ebz_557.pdb 6.53263346592
trjconv_3ebz_312.pdb 8.19719464207
trjconv_3ebz_27.pdb 7.40828590161
trjconv_3ebz_392.pdb 6.72290115947
trjconv_3ebz_620.pdb 8.5690956349
trjconv_3ebz_522.pdb 6.14479454498
trjconv_3ebz_688.pdb 7.71132284371
trjconv_3ebz_790.pdb 5.80839048274
trjconv_3ebz_243.pdb 7.14840541659
trjconv_3ebz_45.pdb 7.61337638633
trjconv_3ebz_556.pdb 6.15447804448
trjconv_3ebz_15.pdb 8.05950991066
trjconv_3ebz_528.pdb 5.86942075507
trjconv_3ebz_63.pdb 6.27963374728
trjconv_3ebz_929.pdb 7.99436051226
trjconv_3ebz_700.pdb 8.41101064082
trjconv_3ebz_495.pdb 9.09534496322
trjconv_3ebz_707.pdb 6.05337922156
trjconv_3ebz_763.pdb 7.5343878318
trjconv_3ebz_498.pdb 7.70182445918
trjconv_3ebz_809.pdb 8.06614529996
trjconv_3ebz_870.pdb 7.33807876763
trjconv_3ebz_306.pdb 7.5371811707
trjconv_3ebz_598.pdb 6.67612162861
trjconv_3ebz_75.pdb 7.93101506744
trjconv_3ebz_658.pdb 8.37472984639
trjconv_3ebz_581.pdb 7.90783156118
trjconv_3ebz_799.pdb 7.49166203189
trjconv_3ebz_230.pdb 7.80979513176
trjconv_3ebz_939.pdb 6.63347571036
trjconv_3ebz_291.pdb 7.18265967452
trjconv_3ebz_359.pdb 8.00561677824
trjconv_3ebz_914.pdb 8.0726761362
trjconv_3ebz_789.pdb 6.30908075713
trjconv_3ebz_408.pdb 6.35790846112
trjconv_3ebz_978.pdb 7.66907425965
trjconv_3ebz_384.pdb 6.71566080144
trjconv_3ebz_730.pdb 7.87114985247
trjconv_3ebz_428.pdb 6.06032177364
trjconv_3ebz_783.pdb 8.34336862424
trjconv_3ebz_797.pdb 6.46167934828
trjconv_3ebz_944.pdb 6.40630938997
trjconv_3ebz_770.pdb 7.96363610419
trjconv_3ebz_985.pdb 8.35031137144
trjconv_3ebz_668.pdb 7.6066352614
trjconv_3ebz_496.pdb 8.11568851053
trjconv_3ebz_569.pdb 7.27907961215
trjconv_3ebz_113.pdb 6.41590211895
trjconv_3ebz_740.pdb 8.46979338591
trjconv_3ebz_677.pdb 7.41907676197
trjconv_3ebz_84.pdb 7.30961695303
trjconv_3ebz_776.pdb 7.08435600461
trjconv_3ebz_356.pdb 7.94071785168
trjconv_3ebz_88.pdb 7.82412295404
trjconv_3ebz_965.pdb 7.97506739783
trjconv_3ebz_537.pdb 7.45173805229
trjconv_3ebz_894.pdb 7.60377537806
trjconv_3ebz_151.pdb 7.87648398716
trjconv_3ebz_477.pdb 6.16059250397
trjconv_3ebz_746.pdb 7.9953111259
trjconv_3ebz_334.pdb 7.94132230803
trjconv_3ebz_671.pdb 8.59359645317
trjconv_3ebz_261.pdb 5.90817230622
trjconv_3ebz_685.pdb 7.55537556975
trjconv_3ebz_349.pdb 7.34123967733
trjconv_3ebz_527.pdb 5.9528144604
trjconv_3ebz_772.pdb 6.7452575933
trjconv_3ebz_787.pdb 6.04134918706
trjconv_3ebz_655.pdb 7.00200685518
trjconv_3ebz_343.pdb 7.65697721036
trjconv_3ebz_425.pdb 6.44466445985
trjconv_3ebz_974.pdb 8.70082754685
trjconv_3ebz_222.pdb 6.41785789808
trjconv_3ebz_591.pdb 8.48130296594
trjconv_3ebz_618.pdb 8.02333471818
trjconv_3ebz_172.pdb 7.9003101205
trjconv_3ebz_846.pdb 8.15787962647
trjconv_3ebz_350.pdb 6.26333776831
trjconv_3ebz_803.pdb 8.29391945946
trjconv_3ebz_893.pdb 8.00208722772
trjconv_3ebz_884.pdb 8.85038982192
trjconv_3ebz_56.pdb 8.13241046677
trjconv_3ebz_506.pdb 5.83180932473
trjconv_3ebz_628.pdb 8.17822719176
trjconv_3ebz_105.pdb 8.55121044063
trjconv_3ebz_916.pdb 7.95355266532
trjconv_3ebz_326.pdb 8.13695889138
trjconv_3ebz_24.pdb 7.82970625247
trjconv_3ebz_76.pdb 6.94338534146
trjconv_3ebz_453.pdb 9.10157129291
trjconv_3ebz_191.pdb 6.34299613747
trjconv_3ebz_983.pdb 6.59212408864
trjconv_3ebz_364.pdb 7.70630910359
trjconv_3ebz_841.pdb 8.39806525338
trjconv_3ebz_310.pdb 8.19879869249
trjconv_3ebz_54.pdb 8.04085194491
trjconv_3ebz_311.pdb 7.94054154325
trjconv_3ebz_218.pdb 5.97077046955
trjconv_3ebz_560.pdb 7.80616423091
trjconv_3ebz_941.pdb 6.22311818946
trjconv_3ebz_366.pdb 6.34077282356
trjconv_3ebz_912.pdb 7.66223857629
trjconv_3ebz_460.pdb 8.74470697051
trjconv_3ebz_112.pdb 7.65059474812
trjconv_3ebz_686.pdb 7.96884558766
trjconv_3ebz_121.pdb 8.06393204336
trjconv_3ebz_636.pdb 7.97151177632
trjconv_3ebz_765.pdb 8.37244886518
trjconv_3ebz_18.pdb 7.516521802
trjconv_3ebz_992.pdb 8.26349804865
trjconv_3ebz_792.pdb 6.12377334656
trjconv_3ebz_773.pdb 7.09788700953
trjconv_3ebz_666.pdb 7.81808800155
trjconv_3ebz_958.pdb 7.89383303598
trjconv_3ebz_524.pdb 7.53666371812
trjconv_3ebz_993.pdb 8.20284097127
trjconv_3ebz_111.pdb 7.52539035532
trjconv_3ebz_246.pdb 7.27671629239
trjconv_3ebz_448.pdb 6.21887449624
trjconv_3ebz_286.pdb 7.97301072369
trjconv_3ebz_160.pdb 6.32060914786
trjconv_3ebz_948.pdb 8.4197090211
trjconv_3ebz_819.pdb 7.94217854244
trjconv_3ebz_147.pdb 6.63578932758
trjconv_3ebz_816.pdb 7.54881447646
trjconv_3ebz_954.pdb 6.11252811854
trjconv_3ebz_611.pdb 8.51599671207
trjconv_3ebz_757.pdb 7.37509999932
trjconv_3ebz_824.pdb 7.69907786686
trjconv_3ebz_23.pdb 8.19698115162
trjconv_3ebz_66.pdb 5.65371559242
trjconv_3ebz_901.pdb 7.67409929568
trjconv_3ebz_127.pdb 7.65465218021
trjconv_3ebz_933.pdb 8.51288435256
trjconv_3ebz_282.pdb 8.27618873637
trjconv_3ebz_675.pdb 7.9198800496
trjconv_3ebz_858.pdb 7.25130333113
trjconv_3ebz_61.pdb 8.11971674383
trjconv_3ebz_427.pdb 6.27307739471
trjconv_3ebz_614.pdb 6.83466165951
trjconv_3ebz_652.pdb 7.11115321168
trjconv_3ebz_473.pdb 7.5979865754
trjconv_3ebz_842.pdb 6.8812062896
trjconv_3ebz_507.pdb 5.95907710975
trjconv_3ebz_351.pdb 7.79711485102
trjconv_3ebz_358.pdb 8.05029192017
trjconv_3ebz_888.pdb 7.97544356133
trjconv_3ebz_446.pdb 8.32183273084
trjconv_3ebz_140.pdb 7.04007102237
trjconv_3ebz_994.pdb 8.4326152527
trjconv_3ebz_695.pdb 8.07270710481
trjconv_3ebz_732.pdb 7.06554314968
trjconv_3ebz_977.pdb 7.78795223406
trjconv_3ebz_748.pdb 7.25135159815
trjconv_3ebz_545.pdb 6.39441162266
trjconv_3ebz_270.pdb 7.81442896186
trjconv_3ebz_87.pdb 8.29989758973
trjconv_3ebz_505.pdb 8.17455809203
trjconv_3ebz_388.pdb 6.05988448735
trjconv_3ebz_163.pdb 7.19551249043
trjconv_3ebz_357.pdb 7.90384083848
trjconv_3ebz_397.pdb 7.18984005385
trjconv_3ebz_851.pdb 6.95434396618
trjconv_3ebz_201.pdb 5.82292881633
trjconv_3ebz_813.pdb 8.53848347191
trjconv_3ebz_805.pdb 7.44286235262
trjconv_3ebz_869.pdb 6.93416180948
trjconv_3ebz_72.pdb 7.43356576617
trjconv_3ebz_510.pdb 5.4297145413
trjconv_3ebz_137.pdb 7.61155043339
trjconv_3ebz_812.pdb 7.25585970096
trjconv_3ebz_766.pdb 7.93641606772
trjconv_3ebz_540.pdb 8.15037422454
trjconv_3ebz_85.pdb 7.93164547871
trjconv_3ebz_395.pdb 6.22981540658
trjconv_3ebz_782.pdb 9.07670094252
trjconv_3ebz_122.pdb 7.766311866
trjconv_3ebz_133.pdb 7.64453399495
trjconv_3ebz_919.pdb 7.97920422097
trjconv_3ebz_36.pdb 8.63529385719
trjconv_3ebz_529.pdb 6.03484051156
trjconv_3ebz_42.pdb 7.40791468633
trjconv_3ebz_92.pdb 7.96694420716
trjconv_3ebz_986.pdb 7.68598724953
trjconv_3ebz_115.pdb 7.03767717361
trjconv_3ebz_155.pdb 8.2242628849
trjconv_3ebz_131.pdb 8.09643131262
trjconv_3ebz_214.pdb 6.72387537065
trjconv_3ebz_226.pdb 6.18393078875
trjconv_3ebz_892.pdb 7.7168970448
trjconv_3ebz_241.pdb 5.8858644225
trjconv_3ebz_48.pdb 8.25322967086
trjconv_3ebz_536.pdb 7.83725079349
trjconv_3ebz_747.pdb 7.43304110038
trjconv_3ebz_125.pdb 5.86046926449
trjconv_3ebz_582.pdb 7.74773515293
trjconv_3ebz_104.pdb 8.38861132727
trjconv_3ebz_12.pdb 5.97850315715
trjconv_3ebz_512.pdb 5.69491878783
trjconv_3ebz_68.pdb 6.04216848491
trjconv_3ebz_567.pdb 7.44157241448
trjconv_3ebz_883.pdb 7.66141631815
trjconv_3ebz_421.pdb 7.04942550851
trjconv_3ebz_157.pdb 7.52764239321
trjconv_3ebz_823.pdb 7.33775851333
trjconv_3ebz_759.pdb 8.32090139348
trjconv_3ebz_951.pdb 7.10248548045
trjconv_3ebz_548.pdb 7.89342131145
trjconv_3ebz_254.pdb 5.89010186669
trjconv_3ebz_838.pdb 6.96057468892
trjconv_3ebz_479.pdb 6.3049662965
trjconv_3ebz_368.pdb 7.40675367486
trjconv_3ebz_175.pdb 7.5364049785
trjconv_3ebz_861.pdb 7.09803493933
trjconv_3ebz_29.pdb 6.24023236747
trjconv_3ebz_69.pdb 7.82432744714
trjconv_3ebz_791.pdb 6.33846195855
trjconv_3ebz_445.pdb 7.50077995944
trjconv_3ebz_319.pdb 7.98323869116
trjconv_3ebz_716.pdb 8.17472935332
trjconv_3ebz_706.pdb 7.55050329448
trjconv_3ebz_704.pdb 8.27868347021
trjconv_3ebz_745.pdb 8.36785516127
trjconv_3ebz_674.pdb 7.69690847029
trjconv_3ebz_433.pdb 5.39271731134
trjconv_3ebz_166.pdb 6.03213063519
trjconv_3ebz_501.pdb 7.00537650666
trjconv_3ebz_265.pdb 7.78705335798
trjconv_3ebz_572.pdb 7.67730421437
trjconv_3ebz_603.pdb 7.15782788281
trjconv_3ebz_14.pdb 6.4306998064
trjconv_3ebz_301.pdb 8.39178765222
trjconv_3ebz_391.pdb 6.6828960788
trjconv_3ebz_10.pdb 6.36475451216
trjconv_3ebz_980.pdb 8.12983394664
trjconv_3ebz_19.pdb 7.78188923077
trjconv_3ebz_493.pdb 8.61123103859
trjconv_3ebz_886.pdb 8.29727666165
trjconv_3ebz_649.pdb 8.11572547589
trjconv_3ebz_295.pdb 8.01534777786
trjconv_3ebz_216.pdb 5.83575187958
trjconv_3ebz_932.pdb 8.18345281651
trjconv_3ebz_143.pdb 8.04033581388
trjconv_3ebz_553.pdb 7.81528630314
trjconv_3ebz_409.pdb 6.00711245109
trjconv_3ebz_559.pdb 6.04944625565
trjconv_3ebz_438.pdb 7.2694772852
trjconv_3ebz_835.pdb 7.53495852676
trjconv_3ebz_769.pdb 7.72892618674
trjconv_3ebz_0.pdb 6.10549752272
trjconv_3ebz_651.pdb 7.01754230482
trjconv_3ebz_405.pdb 9.13107879716
trjconv_3ebz_430.pdb 6.20496575333
trjconv_3ebz_316.pdb 6.44925577102
trjconv_3ebz_828.pdb 7.47375407677
trjconv_3ebz_34.pdb 8.07021684963
trjconv_3ebz_381.pdb 6.21252766593
trjconv_3ebz_679.pdb 7.24263764108
trjconv_3ebz_504.pdb 7.78206270856
trjconv_3ebz_911.pdb 8.19685915458
trjconv_3ebz_97.pdb 6.27570713147
trjconv_3ebz_821.pdb 7.83816942915
trjconv_3ebz_225.pdb 6.10391677532
trjconv_3ebz_361.pdb 7.48622735428
trjconv_3ebz_267.pdb 8.2109682742
trjconv_3ebz_538.pdb 8.34460903818
trjconv_3ebz_996.pdb 7.13045580591
trjconv_3ebz_991.pdb 7.85184054856
trjconv_3ebz_185.pdb 6.25678032218
trjconv_3ebz_239.pdb 5.88260146534
trjconv_3ebz_7.pdb 7.65039868242
trjconv_3ebz_659.pdb 7.31689824994
trjconv_3ebz_987.pdb 8.12369374115
trjconv_3ebz_955.pdb 7.42010107748
trjconv_3ebz_49.pdb 7.25480530407
3ebz.pdb 5.88804933743
1hsh.pdb 5.81003580023
3s45_superposed.pdb 5.81698865393
3ebz_superposed.pdb 5.88804933743
3s45.pdb 5.81665109836
1hsi.pdb 3.27043575078
